labels 3 4 5 0 2 1 6 7 8 9 10 11
6.0 0.0379617435660714 0.025358670507009094 0.02134680328853459 0.020609051561028532 0.02356182122138694 0.02919065983696692 0.6439573422323819 0.09477515039955896 0.030906093215151722 0.03284286811489194 0.02265464939413343 0.016835146662884437 
7.0 0.05770928315192186 0.04207934563390127 0.039604232232126994 0.0248812064143617 0.044956857858110176 0.04264793300537629 0.11863587929566274 0.4073621169558843 0.10726563344335853 0.06806069832998617 0.02305834868134531 0.023738464997965076 
6.0 0.03116927349437965 0.020587334383831337 0.017926335851689935 0.014285966023384087 0.01923599024036861 0.022151134459934885 0.4806906546172663 0.24437833682500837 0.07637968970993175 0.03485653023890749 0.01958980680526507 0.018748947350032373 
6.0 0.021015966820282162 0.014993637056629962 0.012300208436149984 0.013423730065335879 0.014576789311285681 0.018670942465734135 0.7549493545536249 0.06822759697861726 0.02007359241763606 0.027680934447369052 0.019949722220092878 0.014137525227241876 
6.0 0.03489722292446646 0.021115063766736455 0.018328884042986947 0.01421197457683927 0.020119482019400343 0.02233514569042791 0.5096117021647466 0.2225446907404476 0.07472612087906988 0.039082609862414866 0.012433627689055109 0.01059347564340774 
3.0 0.4971285402651254 0.23477244239183143 0.019401726577912958 0.059188805915312906 0.017609488396253762 0.05390896073549842 0.027731098203915026 0.02327580217545978 0.018106894159351853 0.028806864986460456 0.010494820634167136 0.009574555558711197 
4.0 0.33507235545860004 0.39156364338900806 0.0469265682009904 0.025043113956486843 0.024240637229526258 0.03621824397880306 0.03094644883298282 0.03009476894539071 0.023239000930499153 0.03574730318206763 0.01038942369552888 0.010518492200115684 
1.0 0.032273222789898595 0.031385922724529516 0.023610012657563052 0.05076162811526931 0.3614274549141114 0.3919477056973616 0.02434878635960868 0.02526772860852601 0.018489743058404392 0.022222964361726653 0.008880743759382607 0.009384086953618762 
4.0 0.3764901648543425 0.403292089689461 0.042555902098005645 0.018123212657812224 0.0161018514408236 0.02549166132823277 0.022266814069910913 0.022699276120745817 0.022185719086678917 0.03321235879972002 0.008803884723760267 0.00877706513050638 
0.0 0.039872168148527364 0.034738634056133796 0.015627085429783968 0.5269342407021118 0.04251285144312948 0.22406452279298944 0.026953630061331533 0.026451605951466284 0.01777504131164088 0.022715125190953183 0.011486440091614635 0.010868654820317467 
3.0 0.42174037772408407 0.35196113261540474 0.031665521339742944 0.02985426263668569 0.017493063025116072 0.03414444214297874 0.026074996156942844 0.022276666998287484 0.018328104928923474 0.02853360012898369 0.009094579324870174 0.008833252977980453 
6.0 0.032382744004110266 0.0212987035676342 0.01839372204152965 0.013817525685006549 0.016816565863968458 0.019164484257377632 0.697879713836063 0.06389031786387477 0.03364521919058249 0.030287615403406038 0.027941049176331962 0.024482339110116064 
6.0 0.028908284626169227 0.01700117635360593 0.014738563726070717 0.013733218189021502 0.014035657305396401 0.016173517869778373 0.6018018504741146 0.14571839025329406 0.050770817970224036 0.03523549391758826 0.028970701176565864 0.03291232813817178 
6.0 0.03511391404872794 0.027596885115325306 0.027726537601478606 0.013811832503342194 0.022629906289297615 0.024869795843066464 0.529278360521002 0.12775433460979424 0.13242192080286705 0.034641454492436795 0.012180542129345016 0.011974516043316574 
7.0 0.035832615441984364 0.02945238023819401 0.02870622396047685 0.018103938172569434 0.03275163471540316 0.028668740820761273 0.25688561062717424 0.42153902753925493 0.06818819662989435 0.04452139217994732 0.017843241245643213 0.017506998428697122 
6.0 0.03351682646195941 0.027476193780006628 0.026605658497131687 0.015557400564574516 0.03028816009851095 0.025969944222679207 0.39427690611071553 0.3220486193438028 0.058964383397870884 0.03675171092355149 0.014256734946644796 0.014287461652552758 
6.0 0.019986506676423106 0.015702756956650337 0.014798847946623485 0.011660491658377717 0.018489481023478128 0.018855929757594814 0.7673107450605842 0.05905788805334531 0.024048552928992637 0.025317153760170796 0.01153088996717248 0.013240756210587613 
7.0 0.03703877713083206 0.03036402152103814 0.02883427065007906 0.020039330035866488 0.0358675617550064 0.033213740552109516 0.2097194677649665 0.4324647696887287 0.07650329104347625 0.04986904098058705 0.02255045869162851 0.023535270185681623 
7.0 0.04481789393846677 0.027498415590525745 0.025844477628225036 0.020980942724016665 0.02718946654692944 0.028576942738044484 0.30193730298772686 0.32848635820381294 0.08904715545443434 0.053297154998151804 0.0247545326024706 0.02756935658719506 
0.0 0.03959855077489712 0.033790512435844994 0.021072614106078656 0.4903094715072452 0.06348467533875206 0.2036369727911263 0.03434180671590941 0.03442426157628425 0.023107543996499048 0.03126783386339589 0.012514995666240003 0.012450761227726932 
0.0 0.0297551903440187 0.028241341052342477 0.01750834155140288 0.36858496454940665 0.10249596509862915 0.341952221361124 0.02482932442771517 0.025216728434225396 0.018260248762966117 0.023236425197574028 0.009979421714340025 0.009939827506255421 
3.0 0.42724309246338715 0.2658740547616286 0.02647912273364964 0.06133655845346609 0.022873832198593843 0.04710723482328856 0.034766583321250204 0.02904307475443365 0.022972974643915064 0.03909452390264946 0.011753058828331026 0.011455889115406282 
3.0 0.38370270909201615 0.3827328092975197 0.052344611261054635 0.018175239246822524 0.01963766145319527 0.0334327648688172 0.020088360384603116 0.021235536020095275 0.02018929824299594 0.031921405194270835 0.008272912021498222 0.00826669291711151 
3.0 0.33217469005993966 0.2913611568602469 0.08593959134226017 0.025897871056634214 0.028039910146636933 0.03647616932983648 0.045479994418181506 0.04506954497319356 0.035532281850069514 0.04972502740820597 0.011847403846475823 0.012456358708319251 
3.0 0.2326403623151204 0.08525819433696558 0.043079855790243086 0.0843917452455628 0.09112251819627679 0.13694114237499658 0.08326332428002729 0.09346243631149091 0.05113771810602164 0.05860250900581817 0.019043241640210103 0.02105695239726635 
3.0 0.2872278788465188 0.19764831947824676 0.1526376636414498 0.02810819647648465 0.04028517681062939 0.04310535232140011 0.057587448475161736 0.0635718514391155 0.04309923864430479 0.05417200764380447 0.015593333435169521 0.01696353278771428 
1.0 0.02030899910029226 0.020074648198356984 0.012470230831189907 0.15859927042441163 0.17740561702283966 0.5310790985086358 0.0171109674192372 0.017908709707969938 0.013302138730049332 0.01589432157847695 0.007950745411576431 0.00789525306696357 
3.0 0.3354417302871793 0.18595711000563522 0.1283063713652841 0.026060768100151475 0.036660303273962996 0.04031126892721691 0.05370437300566391 0.06215617486216031 0.04473359850419118 0.05405786853193065 0.01570877123897215 0.016901661897652204 
1.0 0.04469163904613762 0.04492009274402364 0.02358428448707393 0.22853595921722403 0.17400422522104347 0.330964008637914 0.03278606291545523 0.03492687010097624 0.024315100426401406 0.03672627686226196 0.012082218190606156 0.012463262150882094 
2.0 0.0214156436717979 0.018460497644371816 0.017011276959512017 0.04840821724537343 0.5344950034650819 0.24899319898698272 0.026376898551488115 0.027277715641407994 0.01826164653539542 0.01935755931301215 0.009824168390599004 0.010118173594978313 
4.0 0.3485522214404203 0.3576226804282151 0.040967852961641356 0.033376385305498676 0.02761812400175322 0.043244888440761325 0.03151922403142155 0.03043766881350646 0.024518760340992877 0.040022401868219704 0.010980996740377393 0.01113879562719202 
1.0 0.047937088093750066 0.049546246589420244 0.025385813048313027 0.244847394064611 0.16734490732286864 0.29554597617371836 0.036367027814309213 0.03858954673502858 0.026712234020777822 0.040107301551448184 0.01354171608380139 0.014074748501953052 
2.0 0.036027013173009104 0.028892247093935067 0.026503595810814004 0.025379756275310434 0.6607626397045723 0.06298473759172984 0.03805579593864783 0.04389239995187874 0.027587725554942107 0.02485336973237137 0.012209327125516135 0.012851392047273567 
4.0 0.3510920949228307 0.3570803986452957 0.0408264403187284 0.03404983736828064 0.027717087885887608 0.042735025555728355 0.030892801574293173 0.029778835729785434 0.02409972540703714 0.03982965744083885 0.010862472771564774 0.011035622379729378 
2.0 0.051486108816262345 0.03771760133783938 0.03575942179733966 0.022330765926005948 0.5598479425018198 0.0662505247930455 0.05179692771451791 0.06678982754052197 0.039857103158762924 0.03728326347065224 0.014695049936963344 0.016185463006268632 
3.0 0.30591994048604293 0.11902776761358926 0.08007541540336971 0.03002432505968957 0.048182500252226985 0.051182840117720056 0.0845060544413102 0.11522899585369077 0.06887520517938843 0.05532149381185453 0.019795227255079588 0.02186023452603786 
5.0 0.08977119953073906 0.11794803604494997 0.4477730957857051 0.018979737513623574 0.03255302774430185 0.032384933102766425 0.04735794225670832 0.07503679113532147 0.05536053466903256 0.05095119275150833 0.015183378693614788 0.01670013077172788 
3.0 0.45188747211341146 0.2338260442497182 0.051029038779334554 0.02208427785504107 0.024738503474028943 0.03372146878197053 0.037197205056614016 0.040391458002952275 0.03233968228076433 0.04875659176742222 0.011822341381001415 0.01220591625774067 
