labels 3 4 5 0 2 1 6 7 8 9 10 11
6.0 0.04095513346502826 0.02803303895713947 0.02497218411143291 0.021414500856407684 0.024879370799422477 0.036134660595481656 0.6217987192880537 0.09497421868927491 0.036505071938330205 0.03057370637358809 0.023228954219330498 0.016530440706509504 
7.0 0.0596182919056091 0.04038152348398806 0.043269345593399504 0.02231765178150942 0.044567336799292645 0.050606707197534836 0.11520760264958144 0.4110530225206167 0.10696689348951864 0.06674499014999977 0.01897038446817486 0.02029624996077552 
6.0 0.03475867596705513 0.019395334468430038 0.020370280260604785 0.013375914440129033 0.019870090341411607 0.024975935456434485 0.4745569072341788 0.23249502601292302 0.08304860649917022 0.04334906439541318 0.01727294422490844 0.01653122069934092 
6.0 0.0228902550346277 0.01623337175168367 0.0146907599255635 0.013781184544866843 0.015432735991664755 0.023158038835305178 0.7433821591121221 0.06769310350878692 0.024118525004959895 0.024954304884156266 0.020159291840510414 0.01350626956575302 
6.0 0.03667092172343511 0.021684303315549457 0.020825363300582114 0.01346879223754942 0.021063511899207847 0.027291252950867696 0.5094348188339919 0.21014438068717786 0.08265320074990834 0.03646514653087195 0.010747009121240093 0.00955129864961826 
3.0 0.6492995692036206 0.08626817288464769 0.02402269884155952 0.053375027942261434 0.020081126204274005 0.04296978517835168 0.02611894042665662 0.025687623448123278 0.020169435739603364 0.0288073444440722 0.012082355450507124 0.011117920236322647 
3.0 0.3933014949897259 0.31863135057032743 0.05462058098286297 0.025242606818510323 0.025229027554015307 0.0405933251817995 0.030236905478822428 0.03276989074882361 0.024843765092149087 0.03248019293658724 0.011016431231278427 0.011034428415097833 
1.0 0.03146939625815336 0.03328436520870992 0.024924238998396096 0.03787048795376704 0.33990641016986173 0.427765799132097 0.02319500009160312 0.02495474205941958 0.018567548831395813 0.02080392949645312 0.00840364276031469 0.008854439039829375 
3.0 0.4588494586057114 0.30210085193531394 0.05139783497817227 0.018351141879839057 0.01752844007341555 0.029910981531645484 0.02227315158556089 0.02497028939349939 0.024010917901992872 0.031687256843004385 0.00953271865037339 0.009386956621471198 
0.0 0.0393953063361448 0.03167483092977781 0.017923110679966093 0.5844150708504189 0.04889837368287975 0.15655148498508673 0.028077837102831012 0.028002336599387122 0.019256497470000786 0.022369399336861155 0.01196016347547231 0.01147558855117311 
3.0 0.5554780204774933 0.20505929668743655 0.03998065532522941 0.028666384912140106 0.018964953659484973 0.03236517300576574 0.025483375169207647 0.024768225196050916 0.020460952052906486 0.02854715860563641 0.010259997796357693 0.009965807112290783 
6.0 0.035093319334955346 0.023298319005578043 0.02157833369108506 0.01422713100201315 0.017993548223033395 0.02327402195906393 0.6783736566017611 0.0649760799896623 0.0381303755895394 0.030317230046199208 0.02940290484271979 0.023335079714388137 
6.0 0.029635899484892755 0.01691695714279729 0.016715722236695048 0.013301267537640857 0.014388424057433099 0.01864977436692976 0.6047810255742865 0.14238147317170735 0.05462131799912279 0.03211886184733616 0.02773038328708635 0.02875889329407212 
6.0 0.04288670433175721 0.030407805605765337 0.03471575681293611 0.014425669723043877 0.025594536973415433 0.030773691154573533 0.4692488597346971 0.12408912180332665 0.15246197774848946 0.04918624008932972 0.013386029544182526 0.012823606478482517 
7.0 0.03800486818264491 0.026852119511508732 0.030137986778579907 0.015599971241654477 0.03166271767565119 0.03075617545416797 0.26383413080578744 0.41752553722388736 0.06754846033909001 0.050911129705717116 0.013393822981844685 0.013773080099466596 
6.0 0.037997126464612146 0.02643833728193269 0.02956756684150078 0.014122190169505293 0.0308566469807644 0.029478449957408125 0.39302996965898496 0.30687223333952107 0.06164622299143558 0.046673096435566386 0.011355518605276801 0.011962641273492359 
6.0 0.02480075232689333 0.016350357360093975 0.018382928552181474 0.01198723236398733 0.02046853696593071 0.02447545061042593 0.7381640642539845 0.05872258640412134 0.0299463506765005 0.031673690083001534 0.011849494596931305 0.013178555805948018 
7.0 0.03804620866885969 0.027417226191303774 0.02990350517752676 0.017239321823584158 0.03449633072315345 0.03599684722474261 0.21657980002779476 0.4353025597237005 0.07501377664672308 0.053843876682918 0.01739125985575613 0.018769287253936957 
7.0 0.043191825157763396 0.026263183491771164 0.027205794791779276 0.01881114408358255 0.026358412969108416 0.0328581507162652 0.3163427001117985 0.33060755880263976 0.09013970465996514 0.045547338387277654 0.020343901485105585 0.022330285342942926 
0.0 0.041257370843602495 0.03428563195355443 0.024033856049307325 0.5288727840087412 0.07397678100620995 0.14196333323282834 0.0360457742431471 0.03690713668665008 0.025325124400370866 0.030831166196314836 0.013198297355496233 0.01330274402377637 
0.0 0.029686506061062684 0.027141132467378933 0.01913720842986247 0.39100977812629434 0.1214101049508452 0.29959311343409106 0.025022466471984296 0.025810782842439227 0.01898417898466557 0.022379065428617312 0.009875328111584432 0.009950334691174957 
3.0 0.560315202693635 0.13022733377446574 0.032036096848059324 0.05776543203394152 0.024654965918389015 0.044039679535191854 0.03344950635561218 0.031841499171594255 0.02507799061574061 0.03460648042058391 0.013218631844241036 0.012767180788545399 
3.0 0.4751071069076236 0.27671660634273076 0.061174341521290844 0.01796408354056146 0.02064729363782355 0.03698054354984614 0.019886052034457757 0.02271957478106863 0.02151802655318617 0.029676834659063584 0.008857927769993166 0.008751608702353954 
3.0 0.3790005394144094 0.27392933778731055 0.08633110381867198 0.022696949485545695 0.025553430012376088 0.03932105963211307 0.03887225614419778 0.04168359886576173 0.03306902524418024 0.03839528578259423 0.010369378998499094 0.010778034814339818 
3.0 0.24274959752722702 0.07690683839130376 0.04558762672808024 0.07942212507942818 0.08486340281491 0.1657772183993169 0.07673259290925367 0.09391788976619875 0.05058907576597491 0.046441494353337394 0.017641691161288605 0.01937044710368059 
3.0 0.3092822891595744 0.2189980665106106 0.14770595751451052 0.023688251345142384 0.035979483354007386 0.047146912215180005 0.04871449257205563 0.058325224107899906 0.03889458972022912 0.04447219416624582 0.012932503597802857 0.01386003573674133 
1.0 0.021004909398806948 0.0202523703892812 0.014299926926777189 0.12784139845861098 0.20524912778940044 0.5287229483503727 0.017354798656228847 0.01856406719245718 0.014019664448615896 0.01672565389431148 0.008008139153708006 0.007956995341429813 
3.0 0.37966291361416243 0.19314784989161857 0.1246791309474112 0.020450527159980712 0.03128903576962908 0.042245982290931405 0.043117390563406174 0.05457269537119968 0.03871323186210656 0.04651703519904961 0.012426436842695033 0.01317777048780948 
1.0 0.04437720929323193 0.04223201411842367 0.026010899123023134 0.2185386302297153 0.17029891393380245 0.3481603184852062 0.03276547242434677 0.035847101460682616 0.02518849214067335 0.03227290543951608 0.012011363324868811 0.012296680026509268 
2.0 0.019592012432990878 0.01854379937700254 0.01722924968066799 0.037211388167222026 0.45497614293046396 0.348636128815812 0.024380772137951146 0.02597559114107286 0.017540514543015175 0.017991338747888143 0.008825535392894055 0.009097526633018329 
3.0 0.4194127602281045 0.2791422577512613 0.04726217172806507 0.03232783393809401 0.028010274082286363 0.0482432476907918 0.030060497094552573 0.03226975203674464 0.02549392468473786 0.035014797724837406 0.011382407604750512 0.011380075435774045 
1.0 0.04690210676982057 0.04572961776261671 0.027691401118807746 0.2379596228785861 0.15819171088110243 0.3189542227454154 0.03599663396284435 0.03925288447918196 0.027386469098596145 0.0349550337908644 0.013285667176969008 0.013694629335195009 
2.0 0.03372300620508155 0.030000725119826575 0.026667871769305428 0.021722313859273104 0.5995786070959546 0.14043754039750736 0.035103681257015976 0.04226404617961958 0.026357061424716395 0.022007901679212682 0.01077043812971513 0.011366806882770884 
3.0 0.42322405685119746 0.2779828305721492 0.04703290642937451 0.03290359027177053 0.028020217031305694 0.04755051163824852 0.029409045786089466 0.0314578106441501 0.024999916179347072 0.03492621745955063 0.011237243562427687 0.01125565357438897 
2.0 0.050389736120735856 0.04046876845728569 0.03752004377635738 0.02011513187212838 0.5205283401381967 0.11543974502296633 0.049469937268571906 0.06630862127304168 0.0391155963882167 0.03291768553947141 0.013203183677851909 0.014523210465175995 
3.0 0.3444237398165648 0.11385489318848245 0.08184730846370399 0.02519046436650878 0.04479698372260095 0.05727345063895818 0.07033174007625234 0.1102655779709596 0.06317384039885077 0.05429001204304225 0.01649163451431667 0.018060354799758607 
5.0 0.08224551937045042 0.14461934774729568 0.4264948393833846 0.018197863001114117 0.03305472970656814 0.03973288772688678 0.04679254330530122 0.07661461721344162 0.056849774640390274 0.045152887166115895 0.014769302187155617 0.01547568855189579 
3.0 0.5796461772705205 0.13412835448831142 0.053346706517535765 0.018574274833970415 0.022399244012278028 0.034717168947685124 0.030492715452793175 0.03674566289548469 0.02963397738553135 0.03845663761155754 0.010823254667110357 0.011035825917220937 
