0.017857142857142856 0.9345238095238095 0.005952380952380952 0.041666666666666664 
0.006172839506172839 0.9814814814814815 0.006172839506172839 0.006172839506172839 
0.006097560975609756 0.9695121951219512 0.018292682926829267 0.006097560975609756 
0.0189873417721519 0.9683544303797469 0.006329113924050633 0.006329113924050633 
0.00641025641025641 0.9807692307692307 0.00641025641025641 0.00641025641025641 
0.006172839506172839 0.9814814814814815 0.006172839506172839 0.006172839506172839 
0.00625 0.98125 0.00625 0.00625 
0.02054794520547945 0.9657534246575342 0.00684931506849315 0.00684931506849315 
0.006756756756756757 0.9797297297297297 0.006756756756756757 0.006756756756756757 
0.006578947368421052 0.9802631578947368 0.006578947368421052 0.006578947368421052 
0.00641025641025641 0.967948717948718 0.00641025641025641 0.019230769230769232 
0.018072289156626505 0.9457831325301205 0.018072289156626505 0.018072289156626505 
0.006944444444444444 0.9791666666666666 0.006944444444444444 0.006944444444444444 
0.006329113924050633 0.9810126582278481 0.006329113924050633 0.006329113924050633 
0.00684931506849315 0.9657534246575342 0.00684931506849315 0.02054794520547945 
0.006493506493506494 0.9805194805194806 0.006493506493506494 0.006493506493506494 
0.0189873417721519 0.9683544303797469 0.006329113924050633 0.006329113924050633 
0.029411764705882353 0.9470588235294117 0.0058823529411764705 0.01764705882352941 
0.057692307692307696 0.9294871794871795 0.00641025641025641 0.00641025641025641 
0.006172839506172839 0.9567901234567902 0.030864197530864196 0.006172839506172839 
0.0058823529411764705 0.9823529411764705 0.0058823529411764705 0.0058823529411764705 
0.006666666666666667 0.98 0.006666666666666667 0.006666666666666667 
0.0056179775280898875 0.9831460674157303 0.0056179775280898875 0.0056179775280898875 
0.017857142857142856 0.9702380952380952 0.005952380952380952 0.005952380952380952 
0.0058823529411764705 0.9823529411764705 0.0058823529411764705 0.0058823529411764705 
0.006172839506172839 0.9814814814814815 0.006172839506172839 0.006172839506172839 
0.006578947368421052 0.9671052631578947 0.006578947368421052 0.019736842105263157 
0.005952380952380952 0.9821428571428571 0.005952380952380952 0.005952380952380952 
0.006097560975609756 0.9817073170731707 0.006097560975609756 0.006097560975609756 
0.0058823529411764705 0.9823529411764705 0.0058823529411764705 0.0058823529411764705 
0.006493506493506494 0.9805194805194806 0.006493506493506494 0.006493506493506494 
0.027777777777777776 0.9611111111111111 0.005555555555555556 0.005555555555555556 
0.03205128205128205 0.9423076923076923 0.00641025641025641 0.019230769230769232 
0.006097560975609756 0.9817073170731707 0.006097560975609756 0.006097560975609756 
0.006756756756756757 0.9797297297297297 0.006756756756756757 0.006756756756756757 
0.006493506493506494 0.9805194805194806 0.006493506493506494 0.006493506493506494 
0.006172839506172839 0.9814814814814815 0.006172839506172839 0.006172839506172839 
0.006666666666666667 0.98 0.006666666666666667 0.006666666666666667 
0.006097560975609756 0.9817073170731707 0.006097560975609756 0.006097560975609756 
0.019230769230769232 0.967948717948718 0.00641025641025641 0.00641025641025641 
0.006172839506172839 0.9691358024691358 0.006172839506172839 0.018518518518518517 
0.005319148936170213 0.9840425531914894 0.005319148936170213 0.005319148936170213 
0.006024096385542169 0.9819277108433735 0.006024096385542169 0.006024096385542169 
0.005813953488372093 0.9709302325581395 0.005813953488372093 0.01744186046511628 
0.006097560975609756 0.9695121951219512 0.006097560975609756 0.018292682926829267 
0.032467532467532464 0.9545454545454546 0.006493506493506494 0.006493506493506494 
0.006493506493506494 0.9805194805194806 0.006493506493506494 0.006493506493506494 
0.00641025641025641 0.9807692307692307 0.00641025641025641 0.00641025641025641 
0.00625 0.98125 0.00625 0.00625 
0.006493506493506494 0.9805194805194806 0.006493506493506494 0.006493506493506494 
0.6730769230769231 0.07051282051282051 0.23717948717948717 0.019230769230769232 
0.9177215189873418 0.006329113924050633 0.06962025316455696 0.006329113924050633 
0.9691358024691358 0.018518518518518517 0.006172839506172839 0.006172839506172839 
0.9050632911392406 0.03164556962025317 0.04430379746835443 0.0189873417721519 
0.9226190476190477 0.017857142857142856 0.05357142857142857 0.005952380952380952 
0.9025974025974026 0.032467532467532464 0.05844155844155844 0.006493506493506494 
0.8896103896103896 0.045454545454545456 0.045454545454545456 0.01948051948051948 
0.8653846153846154 0.07051282051282051 0.057692307692307696 0.00641025641025641 
0.808641975308642 0.10493827160493827 0.08024691358024691 0.006172839506172839 
0.8841463414634146 0.10365853658536585 0.006097560975609756 0.006097560975609756 
0.9277777777777778 0.005555555555555556 0.05 0.016666666666666666 
0.9236111111111112 0.034722222222222224 0.034722222222222224 0.006944444444444444 
0.93125 0.04375 0.01875 0.00625 
0.9256756756756757 0.0472972972972973 0.02027027027027027 0.006756756756756757 
0.9695121951219512 0.006097560975609756 0.006097560975609756 0.018292682926829267 
0.9244186046511628 0.029069767441860465 0.040697674418604654 0.005813953488372093 
0.5963855421686747 0.006024096385542169 0.39156626506024095 0.006024096385542169 
0.8246753246753247 0.08441558441558442 0.08441558441558442 0.006493506493506494 
0.6987179487179487 0.08333333333333333 0.1987179487179487 0.019230769230769232 
0.9155844155844156 0.05844155844155844 0.01948051948051948 0.006493506493506494 
0.967948717948718 0.00641025641025641 0.019230769230769232 0.00641025641025641 
0.9588235294117647 0.0058823529411764705 0.029411764705882353 0.0058823529411764705 
0.9698795180722891 0.006024096385542169 0.006024096385542169 0.018072289156626505 
0.8376623376623377 0.09740259740259741 0.045454545454545456 0.01948051948051948 
0.9476744186046512 0.005813953488372093 0.040697674418604654 0.005813953488372093 
0.9261363636363636 0.017045454545454544 0.05113636363636364 0.005681818181818182 
0.8766233766233766 0.08441558441558442 0.032467532467532464 0.006493506493506494 
0.9337349397590361 0.018072289156626505 0.04216867469879518 0.006024096385542169 
0.9533333333333334 0.006666666666666667 0.03333333333333333 0.006666666666666667 
0.9144736842105263 0.03289473684210526 0.046052631578947366 0.006578947368421052 
0.9121621621621622 0.07432432432432433 0.006756756756756757 0.006756756756756757 
0.69375 0.10625 0.19375 0.00625 
0.7884615384615384 0.09615384615384616 0.09615384615384616 0.019230769230769232 
0.98125 0.00625 0.00625 0.00625 
0.9817073170731707 0.006097560975609756 0.006097560975609756 0.006097560975609756 
0.8506493506493507 0.07142857142857142 0.07142857142857142 0.006493506493506494 
0.9691358024691358 0.006172839506172839 0.018518518518518517 0.006172839506172839 
0.9652777777777778 0.020833333333333332 0.006944444444444444 0.006944444444444444 
0.9177215189873418 0.03164556962025317 0.04430379746835443 0.006329113924050633 
0.8209876543209876 0.05555555555555555 0.10493827160493827 0.018518518518518517 
0.9050632911392406 0.056962025316455694 0.03164556962025317 0.006329113924050633 
0.9166666666666666 0.057692307692307696 0.019230769230769232 0.00641025641025641 
0.8680555555555556 0.020833333333333332 0.10416666666666667 0.006944444444444444 
0.75 0.20945945945945946 0.033783783783783786 0.006756756756756757 
0.9144736842105263 0.006578947368421052 0.07236842105263158 0.006578947368421052 
0.8355263157894737 0.125 0.019736842105263157 0.019736842105263157 
0.9791666666666666 0.006944444444444444 0.006944444444444444 0.006944444444444444 
0.8373493975903614 0.030120481927710843 0.12650602409638553 0.006024096385542169 
0.9556962025316456 0.006329113924050633 0.03164556962025317 0.006329113924050633 
0.8506493506493507 0.13636363636363635 0.006493506493506494 0.006493506493506494 
0.05670103092783505 0.005154639175257732 0.9329896907216495 0.005154639175257732 
0.02577319587628866 0.015463917525773196 0.9432989690721649 0.015463917525773196 
0.005154639175257732 0.005154639175257732 0.9845360824742269 0.005154639175257732 
0.10714285714285714 0.025510204081632654 0.8214285714285714 0.04591836734693878 
0.1377551020408163 0.00510204081632653 0.8418367346938775 0.015306122448979591 
0.14646464646464646 0.015151515151515152 0.7828282828282829 0.05555555555555555 
0.32142857142857145 0.00510204081632653 0.6683673469387755 0.00510204081632653 
0.02577319587628866 0.005154639175257732 0.9329896907216495 0.03608247422680412 
0.15979381443298968 0.005154639175257732 0.8298969072164949 0.005154639175257732 
0.24479166666666666 0.005208333333333333 0.7447916666666666 0.005208333333333333 
0.005376344086021506 0.005376344086021506 0.9731182795698925 0.016129032258064516 
0.35858585858585856 0.005050505050505051 0.6111111111111112 0.025252525252525252 
0.0663265306122449 0.00510204081632653 0.923469387755102 0.00510204081632653 
0.20918367346938777 0.00510204081632653 0.7397959183673469 0.04591836734693878 
0.03684210526315789 0.005263157894736842 0.8789473684210526 0.07894736842105263 
0.04639175257731959 0.005154639175257732 0.9432989690721649 0.005154639175257732 
0.015625 0.015625 0.9635416666666666 0.005208333333333333 
0.075 0.025 0.895 0.005 
0.2602040816326531 0.00510204081632653 0.7295918367346939 0.00510204081632653 
0.026041666666666668 0.005208333333333333 0.9427083333333334 0.026041666666666668 
0.22164948453608246 0.015463917525773196 0.7577319587628866 0.005154639175257732 
0.03723404255319149 0.005319148936170213 0.9308510638297872 0.026595744680851064 
0.19270833333333334 0.005208333333333333 0.796875 0.005208333333333333 
0.005208333333333333 0.005208333333333333 0.953125 0.036458333333333336 
0.105 0.005 0.815 0.075 
0.026041666666666668 0.005208333333333333 0.9427083333333334 0.026041666666666668 
0.09595959595959595 0.005050505050505051 0.8434343434343434 0.05555555555555555 
0.085 0.005 0.885 0.025 
0.065 0.005 0.905 0.025 
0.115 0.005 0.855 0.025 
0.005376344086021506 0.026881720430107527 0.9516129032258065 0.016129032258064516 
0.03571428571428571 0.00510204081632653 0.9438775510204082 0.015306122448979591 
0.25 0.00510204081632653 0.7091836734693877 0.03571428571428571 
0.015306122448979591 0.00510204081632653 0.9336734693877551 0.04591836734693878 
0.036458333333333336 0.005208333333333333 0.953125 0.005208333333333333 
0.00510204081632653 0.015306122448979591 0.9744897959183674 0.00510204081632653 
0.08854166666666667 0.015625 0.8072916666666666 0.08854166666666667 
0.026595744680851064 0.005319148936170213 0.9308510638297872 0.03723404255319149 
0.026041666666666668 0.015625 0.9322916666666666 0.026041666666666668 
0.005 0.045 0.825 0.125 
0.09595959595959595 0.005050505050505051 0.8838383838383839 0.015151515151515152 
0.005319148936170213 0.015957446808510637 0.973404255319149 0.005319148936170213 
0.057291666666666664 0.005208333333333333 0.9322916666666666 0.005208333333333333 
0.025510204081632654 0.015306122448979591 0.9540816326530612 0.00510204081632653 
0.23979591836734693 0.00510204081632653 0.75 0.00510204081632653 
0.1631578947368421 0.005263157894736842 0.8263157894736842 0.005263157894736842 
0.4473684210526316 0.005263157894736842 0.5421052631578948 0.005263157894736842 
0.06770833333333333 0.005208333333333333 0.796875 0.13020833333333334 
0.19270833333333334 0.005208333333333333 0.7760416666666666 0.026041666666666668 
0.211340206185567 0.005154639175257732 0.7680412371134021 0.015463917525773196 
0.005681818181818182 0.005681818181818182 0.017045454545454544 0.9715909090909091 
0.005555555555555556 0.005555555555555556 0.005555555555555556 0.9833333333333333 
0.040697674418604654 0.005813953488372093 0.01744186046511628 0.936046511627907 
0.005681818181818182 0.05113636363636364 0.005681818181818182 0.9375 
0.005319148936170213 0.005319148936170213 0.005319148936170213 0.9840425531914894 
0.005952380952380952 0.005952380952380952 0.005952380952380952 0.9821428571428571 
0.016853932584269662 0.028089887640449437 0.0056179775280898875 0.949438202247191 
0.005681818181818182 0.005681818181818182 0.017045454545454544 0.9715909090909091 
0.005747126436781609 0.005747126436781609 0.07471264367816093 0.9137931034482759 
0.006172839506172839 0.006172839506172839 0.006172839506172839 0.9814814814814815 
0.005555555555555556 0.005555555555555556 0.03888888888888889 0.95 
0.005952380952380952 0.005952380952380952 0.005952380952380952 0.9821428571428571 
0.0058823529411764705 0.01764705882352941 0.0058823529411764705 0.9705882352941176 
0.005813953488372093 0.005813953488372093 0.005813953488372093 0.9825581395348837 
0.005681818181818182 0.017045454545454544 0.017045454545454544 0.9602272727272727 
0.005747126436781609 0.005747126436781609 0.005747126436781609 0.9827586206896551 
0.005747126436781609 0.005747126436781609 0.005747126436781609 0.9827586206896551 
0.005434782608695652 0.016304347826086956 0.005434782608695652 0.9728260869565217 
0.005319148936170213 0.005319148936170213 0.005319148936170213 0.9840425531914894 
0.0058823529411764705 0.0058823529411764705 0.0058823529411764705 0.9823529411764705 
0.017857142857142856 0.005952380952380952 0.017857142857142856 0.9583333333333334 
0.016483516483516484 0.005494505494505495 0.038461538461538464 0.9395604395604396 
0.0056179775280898875 0.016853932584269662 0.03932584269662921 0.9382022471910112 
0.052941176470588235 0.0058823529411764705 0.0058823529411764705 0.9352941176470588 
0.016853932584269662 0.0056179775280898875 0.016853932584269662 0.9606741573033708 
0.005681818181818182 0.005681818181818182 0.017045454545454544 0.9715909090909091 
0.005747126436781609 0.005747126436781609 0.017241379310344827 0.9712643678160919 
0.0058823529411764705 0.0058823529411764705 0.01764705882352941 0.9705882352941176 
0.005494505494505495 0.005494505494505495 0.005494505494505495 0.9835164835164835 
0.0056179775280898875 0.0056179775280898875 0.0056179775280898875 0.9831460674157303 
0.005681818181818182 0.005681818181818182 0.005681818181818182 0.9829545454545454 
0.006172839506172839 0.006172839506172839 0.018518518518518517 0.9691358024691358 
0.038461538461538464 0.005494505494505495 0.005494505494505495 0.9505494505494505 
0.005681818181818182 0.005681818181818182 0.005681818181818182 0.9829545454545454 
0.028089887640449437 0.0056179775280898875 0.016853932584269662 0.949438202247191 
0.005681818181818182 0.005681818181818182 0.005681818181818182 0.9829545454545454 
0.018072289156626505 0.006024096385542169 0.006024096385542169 0.9698795180722891 
0.005681818181818182 0.005681818181818182 0.017045454545454544 0.9715909090909091 
0.0058823529411764705 0.0058823529411764705 0.0058823529411764705 0.9823529411764705 
0.016304347826086956 0.005434782608695652 0.03804347826086957 0.9402173913043478 
0.005813953488372093 0.005813953488372093 0.029069767441860465 0.9593023255813954 
0.006172839506172839 0.006172839506172839 0.043209876543209874 0.9444444444444444 
0.005952380952380952 0.005952380952380952 0.017857142857142856 0.9702380952380952 
0.018072289156626505 0.018072289156626505 0.006024096385542169 0.9578313253012049 
0.005434782608695652 0.005434782608695652 0.02717391304347826 0.9619565217391305 
0.006493506493506494 0.006493506493506494 0.006493506493506494 0.9805194805194806 
0.005747126436781609 0.005747126436781609 0.028735632183908046 0.9597701149425287 
0.029069767441860465 0.005813953488372093 0.029069767441860465 0.936046511627907 
0.016304347826086956 0.005434782608695652 0.005434782608695652 0.9728260869565217 
0.005434782608695652 0.005434782608695652 0.005434782608695652 0.9836956521739131 
