0.005952380952380952 0.9702380952380952 0.017857142857142856 0.005952380952380952 
0.006172839506172839 0.9814814814814815 0.006172839506172839 0.006172839506172839 
0.018292682926829267 0.9695121951219512 0.006097560975609756 0.006097560975609756 
0.0189873417721519 0.9683544303797469 0.006329113924050633 0.006329113924050633 
0.00641025641025641 0.967948717948718 0.00641025641025641 0.019230769230769232 
0.006172839506172839 0.9814814814814815 0.006172839506172839 0.006172839506172839 
0.00625 0.98125 0.00625 0.00625 
0.00684931506849315 0.9794520547945206 0.00684931506849315 0.00684931506849315 
0.006756756756756757 0.9662162162162162 0.006756756756756757 0.02027027027027027 
0.006578947368421052 0.9802631578947368 0.006578947368421052 0.006578947368421052 
0.00641025641025641 0.9807692307692307 0.00641025641025641 0.00641025641025641 
0.006024096385542169 0.9819277108433735 0.006024096385542169 0.006024096385542169 
0.006944444444444444 0.9791666666666666 0.006944444444444444 0.006944444444444444 
0.006329113924050633 0.9810126582278481 0.006329113924050633 0.006329113924050633 
0.00684931506849315 0.952054794520548 0.03424657534246575 0.00684931506849315 
0.006493506493506494 0.9805194805194806 0.006493506493506494 0.006493506493506494 
0.006329113924050633 0.9683544303797469 0.0189873417721519 0.006329113924050633 
0.0058823529411764705 0.9823529411764705 0.0058823529411764705 0.0058823529411764705 
0.00641025641025641 0.967948717948718 0.019230769230769232 0.00641025641025641 
0.006172839506172839 0.9814814814814815 0.006172839506172839 0.006172839506172839 
0.0058823529411764705 0.9823529411764705 0.0058823529411764705 0.0058823529411764705 
0.02 0.9666666666666667 0.006666666666666667 0.006666666666666667 
0.0056179775280898875 0.9831460674157303 0.0056179775280898875 0.0056179775280898875 
0.02976190476190476 0.9583333333333334 0.005952380952380952 0.005952380952380952 
0.0058823529411764705 0.9705882352941176 0.0058823529411764705 0.01764705882352941 
0.006172839506172839 0.9814814814814815 0.006172839506172839 0.006172839506172839 
0.006578947368421052 0.9671052631578947 0.006578947368421052 0.019736842105263157 
0.005952380952380952 0.9821428571428571 0.005952380952380952 0.005952380952380952 
0.006097560975609756 0.9817073170731707 0.006097560975609756 0.006097560975609756 
0.0058823529411764705 0.9823529411764705 0.0058823529411764705 0.0058823529411764705 
0.01948051948051948 0.9545454545454546 0.01948051948051948 0.006493506493506494 
0.027777777777777776 0.9611111111111111 0.005555555555555556 0.005555555555555556 
0.00641025641025641 0.967948717948718 0.00641025641025641 0.019230769230769232 
0.006097560975609756 0.9817073170731707 0.006097560975609756 0.006097560975609756 
0.006756756756756757 0.9797297297297297 0.006756756756756757 0.006756756756756757 
0.006493506493506494 0.9675324675324676 0.006493506493506494 0.01948051948051948 
0.006172839506172839 0.9814814814814815 0.006172839506172839 0.006172839506172839 
0.006666666666666667 0.98 0.006666666666666667 0.006666666666666667 
0.006097560975609756 0.9817073170731707 0.006097560975609756 0.006097560975609756 
0.00641025641025641 0.9807692307692307 0.00641025641025641 0.00641025641025641 
0.006172839506172839 0.9814814814814815 0.006172839506172839 0.006172839506172839 
0.005319148936170213 0.9840425531914894 0.005319148936170213 0.005319148936170213 
0.018072289156626505 0.9698795180722891 0.006024096385542169 0.006024096385542169 
0.005813953488372093 0.9825581395348837 0.005813953488372093 0.005813953488372093 
0.006097560975609756 0.9573170731707317 0.006097560975609756 0.03048780487804878 
0.006493506493506494 0.9805194805194806 0.006493506493506494 0.006493506493506494 
0.006493506493506494 0.9675324675324676 0.01948051948051948 0.006493506493506494 
0.00641025641025641 0.9807692307692307 0.00641025641025641 0.00641025641025641 
0.00625 0.98125 0.00625 0.00625 
0.006493506493506494 0.9805194805194806 0.006493506493506494 0.006493506493506494 
0.5833333333333334 0.057692307692307696 0.3525641025641026 0.00641025641025641 
0.9810126582278481 0.006329113924050633 0.006329113924050633 0.006329113924050633 
0.9444444444444444 0.006172839506172839 0.043209876543209874 0.006172839506172839 
0.9810126582278481 0.006329113924050633 0.006329113924050633 0.006329113924050633 
0.8511904761904762 0.017857142857142856 0.125 0.005952380952380952 
0.9415584415584416 0.045454545454545456 0.006493506493506494 0.006493506493506494 
0.9025974025974026 0.01948051948051948 0.05844155844155844 0.01948051948051948 
0.8269230769230769 0.09615384615384616 0.07051282051282051 0.00641025641025641 
0.8950617283950617 0.05555555555555555 0.043209876543209874 0.006172839506172839 
0.8109756097560976 0.06707317073170732 0.11585365853658537 0.006097560975609756 
0.8388888888888889 0.07222222222222222 0.08333333333333333 0.005555555555555556 
0.8680555555555556 0.11805555555555555 0.006944444444444444 0.006944444444444444 
0.86875 0.05625 0.06875 0.00625 
0.9797297297297297 0.006756756756756757 0.006756756756756757 0.006756756756756757 
0.8841463414634146 0.018292682926829267 0.07926829268292683 0.018292682926829267 
0.8546511627906976 0.005813953488372093 0.12209302325581395 0.01744186046511628 
0.5963855421686747 0.0783132530120482 0.3192771084337349 0.006024096385542169 
0.8766233766233766 0.01948051948051948 0.09740259740259741 0.006493506493506494 
0.7628205128205128 0.08333333333333333 0.14743589743589744 0.00641025641025641 
0.8896103896103896 0.006493506493506494 0.09740259740259741 0.006493506493506494 
0.7884615384615384 0.04487179487179487 0.14743589743589744 0.019230769230769232 
0.7941176470588235 0.029411764705882353 0.17058823529411765 0.0058823529411764705 
0.9698795180722891 0.006024096385542169 0.018072289156626505 0.006024096385542169 
0.9415584415584416 0.032467532467532464 0.01948051948051948 0.006493506493506494 
0.9709302325581395 0.005813953488372093 0.01744186046511628 0.005813953488372093 
0.8693181818181818 0.08522727272727272 0.03977272727272727 0.005681818181818182 
0.8766233766233766 0.07142857142857142 0.045454545454545456 0.006493506493506494 
0.9096385542168675 0.0783132530120482 0.006024096385542169 0.006024096385542169 
0.9533333333333334 0.006666666666666667 0.03333333333333333 0.006666666666666667 
0.7039473684210527 0.05921052631578947 0.21710526315789475 0.019736842105263157 
0.7905405405405406 0.07432432432432433 0.12837837837837837 0.006756756756756757 
0.76875 0.04375 0.18125 0.00625 
0.8910256410256411 0.07051282051282051 0.03205128205128205 0.00641025641025641 
0.86875 0.09375 0.03125 0.00625 
0.9207317073170732 0.006097560975609756 0.054878048780487805 0.018292682926829267 
0.8376623376623377 0.09740259740259741 0.05844155844155844 0.006493506493506494 
0.9814814814814815 0.006172839506172839 0.006172839506172839 0.006172839506172839 
0.9791666666666666 0.006944444444444444 0.006944444444444444 0.006944444444444444 
0.6518987341772152 0.08227848101265822 0.25949367088607594 0.006329113924050633 
0.7962962962962963 0.018518518518518517 0.16666666666666666 0.018518518518518517 
0.9556962025316456 0.03164556962025317 0.006329113924050633 0.006329113924050633 
0.9166666666666666 0.04487179487179487 0.00641025641025641 0.03205128205128205 
0.8680555555555556 0.0763888888888889 0.04861111111111111 0.006944444444444444 
0.75 0.16891891891891891 0.07432432432432433 0.006756756756756757 
0.9407894736842105 0.019736842105263157 0.03289473684210526 0.006578947368421052 
0.875 0.1118421052631579 0.006578947368421052 0.006578947368421052 
0.9791666666666666 0.006944444444444444 0.006944444444444444 0.006944444444444444 
0.6927710843373494 0.05421686746987952 0.2469879518072289 0.006024096385542169 
0.9810126582278481 0.006329113924050633 0.006329113924050633 0.006329113924050633 
0.9155844155844156 0.07142857142857142 0.006493506493506494 0.006493506493506494 
0.015463917525773196 0.005154639175257732 0.9639175257731959 0.015463917525773196 
0.015463917525773196 0.005154639175257732 0.9742268041237113 0.005154639175257732 
0.0979381443298969 0.015463917525773196 0.8814432989690721 0.005154639175257732 
0.015306122448979591 0.00510204081632653 0.923469387755102 0.05612244897959184 
0.015306122448979591 0.00510204081632653 0.8928571428571429 0.08673469387755102 
0.25757575757575757 0.005050505050505051 0.6515151515151515 0.08585858585858586 
0.3826530612244898 0.00510204081632653 0.6071428571428571 0.00510204081632653 
0.11855670103092783 0.02577319587628866 0.8092783505154639 0.04639175257731959 
0.10824742268041238 0.005154639175257732 0.8814432989690721 0.005154639175257732 
0.11979166666666667 0.015625 0.859375 0.005208333333333333 
0.03763440860215054 0.005376344086021506 0.9408602150537635 0.016129032258064516 
0.3686868686868687 0.005050505050505051 0.6212121212121212 0.005050505050505051 
0.1377551020408163 0.00510204081632653 0.8418367346938775 0.015306122448979591 
0.12755102040816327 0.00510204081632653 0.8622448979591837 0.00510204081632653 
0.06842105263157895 0.015789473684210527 0.7947368421052632 0.12105263157894737 
0.005154639175257732 0.005154639175257732 0.9639175257731959 0.02577319587628866 
0.005208333333333333 0.005208333333333333 0.9635416666666666 0.026041666666666668 
0.015 0.005 0.975 0.005 
0.03571428571428571 0.015306122448979591 0.9336734693877551 0.015306122448979591 
0.057291666666666664 0.005208333333333333 0.9322916666666666 0.005208333333333333 
0.20103092783505155 0.005154639175257732 0.788659793814433 0.005154639175257732 
0.026595744680851064 0.005319148936170213 0.8882978723404256 0.0797872340425532 
0.06770833333333333 0.005208333333333333 0.921875 0.005208333333333333 
0.036458333333333336 0.005208333333333333 0.953125 0.005208333333333333 
0.255 0.015 0.625 0.105 
0.015625 0.005208333333333333 0.9739583333333334 0.005208333333333333 
0.14646464646464646 0.005050505050505051 0.8434343434343434 0.005050505050505051 
0.065 0.005 0.915 0.015 
0.085 0.005 0.835 0.075 
0.055 0.005 0.935 0.005 
0.16666666666666666 0.016129032258064516 0.8010752688172043 0.016129032258064516 
0.09693877551020408 0.00510204081632653 0.8826530612244898 0.015306122448979591 
0.23979591836734693 0.015306122448979591 0.7091836734693877 0.03571428571428571 
0.00510204081632653 0.00510204081632653 0.9846938775510204 0.00510204081632653 
0.08854166666666667 0.005208333333333333 0.890625 0.015625 
0.09693877551020408 0.00510204081632653 0.8418367346938775 0.05612244897959184 
0.109375 0.005208333333333333 0.765625 0.11979166666666667 
0.05851063829787234 0.005319148936170213 0.9202127659574468 0.015957446808510637 
0.026041666666666668 0.005208333333333333 0.9635416666666666 0.005208333333333333 
0.075 0.005 0.815 0.105 
0.06565656565656566 0.015151515151515152 0.9040404040404041 0.015151515151515152 
0.015957446808510637 0.005319148936170213 0.973404255319149 0.005319148936170213 
0.015625 0.015625 0.921875 0.046875 
0.07653061224489796 0.00510204081632653 0.9132653061224489 0.00510204081632653 
0.2602040816326531 0.015306122448979591 0.7193877551020408 0.00510204081632653 
0.12105263157894737 0.005263157894736842 0.8473684210526315 0.02631578947368421 
0.4263157894736842 0.005263157894736842 0.5631578947368421 0.005263157894736842 
0.3489583333333333 0.015625 0.5885416666666666 0.046875 
0.078125 0.005208333333333333 0.9010416666666666 0.015625 
0.27319587628865977 0.015463917525773196 0.7061855670103093 0.005154639175257732 
0.005681818181818182 0.028409090909090908 0.005681818181818182 0.9602272727272727 
0.016666666666666666 0.005555555555555556 0.005555555555555556 0.9722222222222222 
0.029069767441860465 0.005813953488372093 0.005813953488372093 0.9593023255813954 
0.005681818181818182 0.005681818181818182 0.017045454545454544 0.9715909090909091 
0.026595744680851064 0.005319148936170213 0.005319148936170213 0.9627659574468085 
0.005952380952380952 0.005952380952380952 0.005952380952380952 0.9821428571428571 
0.028089887640449437 0.0056179775280898875 0.0056179775280898875 0.9606741573033708 
0.028409090909090908 0.005681818181818182 0.005681818181818182 0.9602272727272727 
0.005747126436781609 0.005747126436781609 0.017241379310344827 0.9712643678160919 
0.006172839506172839 0.006172839506172839 0.030864197530864196 0.9567901234567902 
0.005555555555555556 0.005555555555555556 0.005555555555555556 0.9833333333333333 
0.005952380952380952 0.005952380952380952 0.005952380952380952 0.9821428571428571 
0.01764705882352941 0.0058823529411764705 0.0058823529411764705 0.9705882352941176 
0.005813953488372093 0.005813953488372093 0.01744186046511628 0.9709302325581395 
0.005681818181818182 0.005681818181818182 0.005681818181818182 0.9829545454545454 
0.005747126436781609 0.005747126436781609 0.040229885057471264 0.9482758620689655 
0.005747126436781609 0.005747126436781609 0.005747126436781609 0.9827586206896551 
0.016304347826086956 0.005434782608695652 0.005434782608695652 0.9728260869565217 
0.005319148936170213 0.005319148936170213 0.005319148936170213 0.9840425531914894 
0.0058823529411764705 0.0058823529411764705 0.0058823529411764705 0.9823529411764705 
0.017857142857142856 0.005952380952380952 0.017857142857142856 0.9583333333333334 
0.005494505494505495 0.016483516483516484 0.005494505494505495 0.9725274725274725 
0.016853932584269662 0.0056179775280898875 0.0056179775280898875 0.9719101123595506 
0.041176470588235294 0.0058823529411764705 0.0058823529411764705 0.9470588235294117 
0.0056179775280898875 0.0056179775280898875 0.028089887640449437 0.9606741573033708 
0.017045454545454544 0.005681818181818182 0.017045454545454544 0.9602272727272727 
0.005747126436781609 0.005747126436781609 0.005747126436781609 0.9827586206896551 
0.0058823529411764705 0.0058823529411764705 0.0058823529411764705 0.9823529411764705 
0.005494505494505495 0.005494505494505495 0.005494505494505495 0.9835164835164835 
0.0056179775280898875 0.0056179775280898875 0.016853932584269662 0.9719101123595506 
0.005681818181818182 0.005681818181818182 0.005681818181818182 0.9829545454545454 
0.030864197530864196 0.006172839506172839 0.006172839506172839 0.9567901234567902 
0.005494505494505495 0.005494505494505495 0.005494505494505495 0.9835164835164835 
0.005681818181818182 0.005681818181818182 0.05113636363636364 0.9375 
0.016853932584269662 0.0056179775280898875 0.0056179775280898875 0.9719101123595506 
0.005681818181818182 0.005681818181818182 0.03977272727272727 0.9488636363636364 
0.006024096385542169 0.006024096385542169 0.030120481927710843 0.9578313253012049 
0.005681818181818182 0.005681818181818182 0.017045454545454544 0.9715909090909091 
0.0058823529411764705 0.029411764705882353 0.0058823529411764705 0.9588235294117647 
0.005434782608695652 0.005434782608695652 0.005434782608695652 0.9836956521739131 
0.005813953488372093 0.005813953488372093 0.040697674418604654 0.9476744186046512 
0.006172839506172839 0.006172839506172839 0.030864197530864196 0.9567901234567902 
0.041666666666666664 0.017857142857142856 0.005952380952380952 0.9345238095238095 
0.006024096385542169 0.006024096385542169 0.006024096385542169 0.9819277108433735 
0.005434782608695652 0.005434782608695652 0.005434782608695652 0.9836956521739131 
0.01948051948051948 0.006493506493506494 0.01948051948051948 0.9545454545454546 
0.005747126436781609 0.005747126436781609 0.005747126436781609 0.9827586206896551 
0.01744186046511628 0.005813953488372093 0.01744186046511628 0.9593023255813954 
0.005434782608695652 0.005434782608695652 0.04891304347826087 0.9402173913043478 
0.005434782608695652 0.005434782608695652 0.016304347826086956 0.9728260869565217 
