0.005952380952380952 0.9821428571428571 0.005952380952380952 0.005952380952380952 
0.006172839506172839 0.9814814814814815 0.006172839506172839 0.006172839506172839 
0.006097560975609756 0.9695121951219512 0.018292682926829267 0.006097560975609756 
0.006329113924050633 0.9810126582278481 0.006329113924050633 0.006329113924050633 
0.00641025641025641 0.967948717948718 0.019230769230769232 0.00641025641025641 
0.006172839506172839 0.9814814814814815 0.006172839506172839 0.006172839506172839 
0.00625 0.98125 0.00625 0.00625 
0.00684931506849315 0.9657534246575342 0.00684931506849315 0.02054794520547945 
0.006756756756756757 0.9797297297297297 0.006756756756756757 0.006756756756756757 
0.006578947368421052 0.9802631578947368 0.006578947368421052 0.006578947368421052 
0.00641025641025641 0.9807692307692307 0.00641025641025641 0.00641025641025641 
0.006024096385542169 0.9819277108433735 0.006024096385542169 0.006024096385542169 
0.006944444444444444 0.9791666666666666 0.006944444444444444 0.006944444444444444 
0.006329113924050633 0.9810126582278481 0.006329113924050633 0.006329113924050633 
0.00684931506849315 0.9794520547945206 0.00684931506849315 0.00684931506849315 
0.006493506493506494 0.9805194805194806 0.006493506493506494 0.006493506493506494 
0.006329113924050633 0.9810126582278481 0.006329113924050633 0.006329113924050633 
0.0058823529411764705 0.9823529411764705 0.0058823529411764705 0.0058823529411764705 
0.019230769230769232 0.967948717948718 0.00641025641025641 0.00641025641025641 
0.030864197530864196 0.9567901234567902 0.006172839506172839 0.006172839506172839 
0.029411764705882353 0.9588235294117647 0.0058823529411764705 0.0058823529411764705 
0.006666666666666667 0.98 0.006666666666666667 0.006666666666666667 
0.0056179775280898875 0.9831460674157303 0.0056179775280898875 0.0056179775280898875 
0.06547619047619048 0.9226190476190477 0.005952380952380952 0.005952380952380952 
0.0058823529411764705 0.9823529411764705 0.0058823529411764705 0.0058823529411764705 
0.018518518518518517 0.9691358024691358 0.006172839506172839 0.006172839506172839 
0.006578947368421052 0.9671052631578947 0.006578947368421052 0.019736842105263157 
0.005952380952380952 0.9821428571428571 0.005952380952380952 0.005952380952380952 
0.006097560975609756 0.9817073170731707 0.006097560975609756 0.006097560975609756 
0.0058823529411764705 0.9823529411764705 0.0058823529411764705 0.0058823529411764705 
0.006493506493506494 0.9805194805194806 0.006493506493506494 0.006493506493506494 
0.05 0.9277777777777778 0.005555555555555556 0.016666666666666666 
0.00641025641025641 0.9551282051282052 0.00641025641025641 0.03205128205128205 
0.018292682926829267 0.9695121951219512 0.006097560975609756 0.006097560975609756 
0.006756756756756757 0.9797297297297297 0.006756756756756757 0.006756756756756757 
0.006493506493506494 0.9805194805194806 0.006493506493506494 0.006493506493506494 
0.006172839506172839 0.9814814814814815 0.006172839506172839 0.006172839506172839 
0.006666666666666667 0.98 0.006666666666666667 0.006666666666666667 
0.006097560975609756 0.9817073170731707 0.006097560975609756 0.006097560975609756 
0.00641025641025641 0.9807692307692307 0.00641025641025641 0.00641025641025641 
0.006172839506172839 0.9814814814814815 0.006172839506172839 0.006172839506172839 
0.026595744680851064 0.9627659574468085 0.005319148936170213 0.005319148936170213 
0.006024096385542169 0.9819277108433735 0.006024096385542169 0.006024096385542169 
0.005813953488372093 0.9825581395348837 0.005813953488372093 0.005813953488372093 
0.006097560975609756 0.9817073170731707 0.006097560975609756 0.006097560975609756 
0.01948051948051948 0.9545454545454546 0.01948051948051948 0.006493506493506494 
0.006493506493506494 0.9805194805194806 0.006493506493506494 0.006493506493506494 
0.00641025641025641 0.9807692307692307 0.00641025641025641 0.00641025641025641 
0.00625 0.98125 0.00625 0.00625 
0.006493506493506494 0.9805194805194806 0.006493506493506494 0.006493506493506494 
0.7756410256410257 0.04487179487179487 0.17307692307692307 0.00641025641025641 
0.9177215189873418 0.056962025316455694 0.0189873417721519 0.006329113924050633 
0.8950617283950617 0.030864197530864196 0.06790123456790123 0.006172839506172839 
0.8417721518987342 0.04430379746835443 0.0949367088607595 0.0189873417721519 
0.9821428571428571 0.005952380952380952 0.005952380952380952 0.005952380952380952 
0.9415584415584416 0.01948051948051948 0.032467532467532464 0.006493506493506494 
0.9675324675324676 0.01948051948051948 0.006493506493506494 0.006493506493506494 
0.9166666666666666 0.057692307692307696 0.019230769230769232 0.00641025641025641 
0.8827160493827161 0.10493827160493827 0.006172839506172839 0.006172839506172839 
0.9573170731707317 0.03048780487804878 0.006097560975609756 0.006097560975609756 
0.9611111111111111 0.005555555555555556 0.016666666666666666 0.016666666666666666 
0.8541666666666666 0.09027777777777778 0.020833333333333332 0.034722222222222224 
0.89375 0.03125 0.06875 0.00625 
0.9256756756756757 0.006756756756756757 0.060810810810810814 0.006756756756756757 
0.8719512195121951 0.03048780487804878 0.09146341463414634 0.006097560975609756 
0.936046511627907 0.029069767441860465 0.029069767441860465 0.005813953488372093 
0.8132530120481928 0.006024096385542169 0.1746987951807229 0.006024096385542169 
0.8116883116883117 0.01948051948051948 0.16233766233766234 0.006493506493506494 
0.8782051282051282 0.07051282051282051 0.04487179487179487 0.00641025641025641 
0.9545454545454546 0.006493506493506494 0.032467532467532464 0.006493506493506494 
0.7884615384615384 0.12179487179487179 0.08333333333333333 0.00641025641025641 
0.9117647058823529 0.01764705882352941 0.06470588235294118 0.0058823529411764705 
0.9337349397590361 0.05421686746987952 0.006024096385542169 0.006024096385542169 
0.8246753246753247 0.032467532467532464 0.13636363636363635 0.006493506493506494 
0.9476744186046512 0.040697674418604654 0.005813953488372093 0.005813953488372093 
0.8125 0.005681818181818182 0.17613636363636365 0.005681818181818182 
0.8766233766233766 0.11038961038961038 0.006493506493506494 0.006493506493506494 
0.8975903614457831 0.09036144578313253 0.006024096385542169 0.006024096385542169 
0.98 0.006666666666666667 0.006666666666666667 0.006666666666666667 
0.9671052631578947 0.019736842105263157 0.006578947368421052 0.006578947368421052 
0.9121621621621622 0.07432432432432433 0.006756756756756757 0.006756756756756757 
0.76875 0.04375 0.18125 0.00625 
0.8012820512820513 0.09615384615384616 0.09615384615384616 0.00641025641025641 
0.90625 0.04375 0.04375 0.00625 
0.9085365853658537 0.006097560975609756 0.06707317073170732 0.018292682926829267 
0.8636363636363636 0.12337662337662338 0.006493506493506494 0.006493506493506494 
0.9320987654320988 0.006172839506172839 0.05555555555555555 0.006172839506172839 
0.9375 0.006944444444444444 0.04861111111111111 0.006944444444444444 
0.7151898734177216 0.04430379746835443 0.23417721518987342 0.006329113924050633 
0.9074074074074074 0.006172839506172839 0.06790123456790123 0.018518518518518517 
0.8924050632911392 0.006329113924050633 0.06962025316455696 0.03164556962025317 
0.967948717948718 0.00641025641025641 0.019230769230769232 0.00641025641025641 
0.8125 0.034722222222222224 0.14583333333333334 0.006944444444444444 
0.8175675675675675 0.10135135135135136 0.060810810810810814 0.02027027027027027 
0.875 0.019736842105263157 0.09868421052631579 0.006578947368421052 
0.9802631578947368 0.006578947368421052 0.006578947368421052 0.006578947368421052 
0.9513888888888888 0.034722222222222224 0.006944444444444444 0.006944444444444444 
0.608433734939759 0.030120481927710843 0.35542168674698793 0.006024096385542169 
0.930379746835443 0.006329113924050633 0.056962025316455694 0.006329113924050633 
0.9025974025974026 0.07142857142857142 0.006493506493506494 0.01948051948051948 
0.211340206185567 0.005154639175257732 0.7680412371134021 0.015463917525773196 
0.005154639175257732 0.015463917525773196 0.9639175257731959 0.015463917525773196 
0.005154639175257732 0.005154639175257732 0.9845360824742269 0.005154639175257732 
0.23979591836734693 0.00510204081632653 0.6581632653061225 0.09693877551020408 
0.11734693877551021 0.00510204081632653 0.8724489795918368 0.00510204081632653 
0.19696969696969696 0.015151515151515152 0.702020202020202 0.08585858585858586 
0.1683673469387755 0.00510204081632653 0.8214285714285714 0.00510204081632653 
0.07731958762886598 0.005154639175257732 0.8814432989690721 0.03608247422680412 
0.26288659793814434 0.005154639175257732 0.7268041237113402 0.005154639175257732 
0.15104166666666666 0.005208333333333333 0.8385416666666666 0.005208333333333333 
0.03763440860215054 0.016129032258064516 0.9408602150537635 0.005376344086021506 
0.21717171717171718 0.07575757575757576 0.702020202020202 0.005050505050505051 
0.09693877551020408 0.00510204081632653 0.8928571428571429 0.00510204081632653 
0.1683673469387755 0.00510204081632653 0.8214285714285714 0.00510204081632653 
0.015789473684210527 0.005263157894736842 0.9315789473684211 0.04736842105263158 
0.015463917525773196 0.005154639175257732 0.9742268041237113 0.005154639175257732 
0.06770833333333333 0.005208333333333333 0.9114583333333334 0.015625 
0.115 0.015 0.865 0.005 
0.11734693877551021 0.015306122448979591 0.8520408163265306 0.015306122448979591 
0.057291666666666664 0.005208333333333333 0.9322916666666666 0.005208333333333333 
0.13917525773195877 0.005154639175257732 0.8092783505154639 0.04639175257731959 
0.047872340425531915 0.005319148936170213 0.9202127659574468 0.026595744680851064 
0.026041666666666668 0.005208333333333333 0.9635416666666666 0.005208333333333333 
0.06770833333333333 0.036458333333333336 0.859375 0.036458333333333336 
0.025 0.005 0.885 0.085 
0.005208333333333333 0.005208333333333333 0.9739583333333334 0.015625 
0.07575757575757576 0.005050505050505051 0.8232323232323232 0.09595959595959595 
0.125 0.005 0.855 0.015 
0.155 0.015 0.815 0.015 
0.115 0.005 0.845 0.035 
0.04838709677419355 0.05913978494623656 0.8655913978494624 0.026881720430107527 
0.00510204081632653 0.015306122448979591 0.9540816326530612 0.025510204081632654 
0.0663265306122449 0.00510204081632653 0.9030612244897959 0.025510204081632654 
0.04591836734693878 0.00510204081632653 0.923469387755102 0.025510204081632654 
0.078125 0.005208333333333333 0.890625 0.026041666666666668 
0.03571428571428571 0.00510204081632653 0.9438775510204082 0.015306122448979591 
0.11979166666666667 0.005208333333333333 0.8385416666666666 0.036458333333333336 
0.005319148936170213 0.015957446808510637 0.973404255319149 0.005319148936170213 
0.005208333333333333 0.015625 0.9739583333333334 0.005208333333333333 
0.025 0.005 0.875 0.095 
0.18686868686868688 0.005050505050505051 0.803030303030303 0.005050505050505051 
0.11170212765957446 0.026595744680851064 0.8351063829787234 0.026595744680851064 
0.08854166666666667 0.026041666666666668 0.8802083333333334 0.005208333333333333 
0.025510204081632654 0.00510204081632653 0.9336734693877551 0.03571428571428571 
0.3010204081632653 0.025510204081632654 0.6683673469387755 0.00510204081632653 
0.08947368421052632 0.005263157894736842 0.9 0.005263157894736842 
0.14210526315789473 0.005263157894736842 0.7842105263157895 0.06842105263157895 
0.2552083333333333 0.026041666666666668 0.6822916666666666 0.036458333333333336 
0.140625 0.015625 0.8385416666666666 0.005208333333333333 
0.3247422680412371 0.005154639175257732 0.6649484536082474 0.005154639175257732 
0.005681818181818182 0.005681818181818182 0.005681818181818182 0.9829545454545454 
0.005555555555555556 0.005555555555555556 0.005555555555555556 0.9833333333333333 
0.005813953488372093 0.005813953488372093 0.029069767441860465 0.9593023255813954 
0.017045454545454544 0.005681818181818182 0.005681818181818182 0.9715909090909091 
0.015957446808510637 0.005319148936170213 0.005319148936170213 0.973404255319149 
0.05357142857142857 0.005952380952380952 0.005952380952380952 0.9345238095238095 
0.016853932584269662 0.016853932584269662 0.03932584269662921 0.9269662921348315 
0.005681818181818182 0.005681818181818182 0.005681818181818182 0.9829545454545454 
0.005747126436781609 0.005747126436781609 0.017241379310344827 0.9712643678160919 
0.006172839506172839 0.006172839506172839 0.006172839506172839 0.9814814814814815 
0.016666666666666666 0.005555555555555556 0.005555555555555556 0.9722222222222222 
0.005952380952380952 0.005952380952380952 0.05357142857142857 0.9345238095238095 
0.01764705882352941 0.0058823529411764705 0.0058823529411764705 0.9705882352941176 
0.005813953488372093 0.005813953488372093 0.005813953488372093 0.9825581395348837 
0.017045454545454544 0.017045454545454544 0.017045454545454544 0.9488636363636364 
0.028735632183908046 0.017241379310344827 0.017241379310344827 0.9367816091954023 
0.040229885057471264 0.005747126436781609 0.005747126436781609 0.9482758620689655 
0.005434782608695652 0.005434782608695652 0.016304347826086956 0.9728260869565217 
0.005319148936170213 0.026595744680851064 0.005319148936170213 0.9627659574468085 
0.0058823529411764705 0.0058823529411764705 0.06470588235294118 0.9235294117647059 
0.041666666666666664 0.005952380952380952 0.005952380952380952 0.9464285714285714 
0.016483516483516484 0.005494505494505495 0.016483516483516484 0.9615384615384616 
0.016853932584269662 0.0056179775280898875 0.0056179775280898875 0.9719101123595506 
0.01764705882352941 0.0058823529411764705 0.041176470588235294 0.9352941176470588 
0.0056179775280898875 0.0056179775280898875 0.016853932584269662 0.9719101123595506 
0.005681818181818182 0.005681818181818182 0.005681818181818182 0.9829545454545454 
0.005747126436781609 0.005747126436781609 0.017241379310344827 0.9712643678160919 
0.01764705882352941 0.0058823529411764705 0.0058823529411764705 0.9705882352941176 
0.005494505494505495 0.005494505494505495 0.005494505494505495 0.9835164835164835 
0.0056179775280898875 0.0056179775280898875 0.016853932584269662 0.9719101123595506 
0.005681818181818182 0.005681818181818182 0.005681818181818182 0.9829545454545454 
0.006172839506172839 0.006172839506172839 0.006172839506172839 0.9814814814814815 
0.005494505494505495 0.005494505494505495 0.005494505494505495 0.9835164835164835 
0.017045454545454544 0.005681818181818182 0.017045454545454544 0.9602272727272727 
0.0056179775280898875 0.0056179775280898875 0.028089887640449437 0.9606741573033708 
0.005681818181818182 0.005681818181818182 0.005681818181818182 0.9829545454545454 
0.006024096385542169 0.018072289156626505 0.006024096385542169 0.9698795180722891 
0.017045454545454544 0.005681818181818182 0.005681818181818182 0.9715909090909091 
0.01764705882352941 0.041176470588235294 0.029411764705882353 0.9117647058823529 
0.005434782608695652 0.005434782608695652 0.005434782608695652 0.9836956521739131 
0.005813953488372093 0.005813953488372093 0.005813953488372093 0.9825581395348837 
0.018518518518518517 0.006172839506172839 0.006172839506172839 0.9691358024691358 
0.02976190476190476 0.005952380952380952 0.005952380952380952 0.9583333333333334 
0.006024096385542169 0.006024096385542169 0.006024096385542169 0.9819277108433735 
0.005434782608695652 0.005434782608695652 0.03804347826086957 0.9510869565217391 
0.006493506493506494 0.006493506493506494 0.006493506493506494 0.9805194805194806 
0.005747126436781609 0.017241379310344827 0.005747126436781609 0.9712643678160919 
0.005813953488372093 0.005813953488372093 0.01744186046511628 0.9709302325581395 
0.005434782608695652 0.005434782608695652 0.03804347826086957 0.9510869565217391 
0.005434782608695652 0.005434782608695652 0.016304347826086956 0.9728260869565217 
