0.005952380952380952 0.9702380952380952 0.017857142857142856 0.005952380952380952 
0.006172839506172839 0.9814814814814815 0.006172839506172839 0.006172839506172839 
0.018292682926829267 0.9573170731707317 0.006097560975609756 0.018292682926829267 
0.0189873417721519 0.9683544303797469 0.006329113924050633 0.006329113924050633 
0.03205128205128205 0.9551282051282052 0.00641025641025641 0.00641025641025641 
0.006172839506172839 0.9691358024691358 0.006172839506172839 0.018518518518518517 
0.00625 0.98125 0.00625 0.00625 
0.02054794520547945 0.952054794520548 0.00684931506849315 0.02054794520547945 
0.006756756756756757 0.9797297297297297 0.006756756756756757 0.006756756756756757 
0.006578947368421052 0.9671052631578947 0.006578947368421052 0.019736842105263157 
0.00641025641025641 0.9807692307692307 0.00641025641025641 0.00641025641025641 
0.018072289156626505 0.9698795180722891 0.006024096385542169 0.006024096385542169 
0.006944444444444444 0.9791666666666666 0.006944444444444444 0.006944444444444444 
0.006329113924050633 0.9810126582278481 0.006329113924050633 0.006329113924050633 
0.02054794520547945 0.952054794520548 0.00684931506849315 0.02054794520547945 
0.006493506493506494 0.9805194805194806 0.006493506493506494 0.006493506493506494 
0.006329113924050633 0.9810126582278481 0.006329113924050633 0.006329113924050633 
0.0058823529411764705 0.9823529411764705 0.0058823529411764705 0.0058823529411764705 
0.019230769230769232 0.967948717948718 0.00641025641025641 0.00641025641025641 
0.006172839506172839 0.9814814814814815 0.006172839506172839 0.006172839506172839 
0.0058823529411764705 0.9823529411764705 0.0058823529411764705 0.0058823529411764705 
0.02 0.9666666666666667 0.006666666666666667 0.006666666666666667 
0.016853932584269662 0.9719101123595506 0.0056179775280898875 0.0056179775280898875 
0.02976190476190476 0.9583333333333334 0.005952380952380952 0.005952380952380952 
0.0058823529411764705 0.9823529411764705 0.0058823529411764705 0.0058823529411764705 
0.006172839506172839 0.9567901234567902 0.006172839506172839 0.030864197530864196 
0.006578947368421052 0.9802631578947368 0.006578947368421052 0.006578947368421052 
0.005952380952380952 0.9821428571428571 0.005952380952380952 0.005952380952380952 
0.006097560975609756 0.9817073170731707 0.006097560975609756 0.006097560975609756 
0.01764705882352941 0.9705882352941176 0.0058823529411764705 0.0058823529411764705 
0.006493506493506494 0.9805194805194806 0.006493506493506494 0.006493506493506494 
0.03888888888888889 0.95 0.005555555555555556 0.005555555555555556 
0.00641025641025641 0.967948717948718 0.00641025641025641 0.019230769230769232 
0.006097560975609756 0.9817073170731707 0.006097560975609756 0.006097560975609756 
0.006756756756756757 0.9662162162162162 0.006756756756756757 0.02027027027027027 
0.006493506493506494 0.9805194805194806 0.006493506493506494 0.006493506493506494 
0.006172839506172839 0.9814814814814815 0.006172839506172839 0.006172839506172839 
0.006666666666666667 0.98 0.006666666666666667 0.006666666666666667 
0.006097560975609756 0.9817073170731707 0.006097560975609756 0.006097560975609756 
0.00641025641025641 0.9807692307692307 0.00641025641025641 0.00641025641025641 
0.018518518518518517 0.9691358024691358 0.006172839506172839 0.006172839506172839 
0.005319148936170213 0.973404255319149 0.015957446808510637 0.005319148936170213 
0.006024096385542169 0.9819277108433735 0.006024096385542169 0.006024096385542169 
0.06395348837209303 0.9244186046511628 0.005813953488372093 0.005813953488372093 
0.006097560975609756 0.9817073170731707 0.006097560975609756 0.006097560975609756 
0.01948051948051948 0.9675324675324676 0.006493506493506494 0.006493506493506494 
0.006493506493506494 0.9805194805194806 0.006493506493506494 0.006493506493506494 
0.00641025641025641 0.9807692307692307 0.00641025641025641 0.00641025641025641 
0.00625 0.98125 0.00625 0.00625 
0.006493506493506494 0.9805194805194806 0.006493506493506494 0.006493506493506494 
0.5833333333333334 0.07051282051282051 0.33974358974358976 0.00641025641025641 
0.9430379746835443 0.03164556962025317 0.0189873417721519 0.006329113924050633 
0.8827160493827161 0.018518518518518517 0.09259259259259259 0.006172839506172839 
0.9556962025316456 0.03164556962025317 0.006329113924050633 0.006329113924050633 
0.8630952380952381 0.02976190476190476 0.10119047619047619 0.005952380952380952 
0.8636363636363636 0.12337662337662338 0.006493506493506494 0.006493506493506494 
0.9025974025974026 0.07142857142857142 0.01948051948051948 0.006493506493506494 
0.7371794871794872 0.10897435897435898 0.14743589743589744 0.00641025641025641 
0.808641975308642 0.15432098765432098 0.030864197530864196 0.006172839506172839 
0.823170731707317 0.10365853658536585 0.06707317073170732 0.006097560975609756 
0.7722222222222223 0.05 0.17222222222222222 0.005555555555555556 
0.9375 0.04861111111111111 0.006944444444444444 0.006944444444444444 
0.68125 0.11875 0.19375 0.00625 
0.9391891891891891 0.0472972972972973 0.006756756756756757 0.006756756756756757 
0.7865853658536586 0.018292682926829267 0.18902439024390244 0.006097560975609756 
0.877906976744186 0.029069767441860465 0.0872093023255814 0.005813953488372093 
0.8975903614457831 0.06626506024096386 0.030120481927710843 0.006024096385542169 
0.9025974025974026 0.045454545454545456 0.045454545454545456 0.006493506493506494 
0.6217948717948718 0.12179487179487179 0.23717948717948717 0.019230769230769232 
0.7467532467532467 0.045454545454545456 0.2012987012987013 0.006493506493506494 
0.8653846153846154 0.04487179487179487 0.08333333333333333 0.00641025641025641 
0.7470588235294118 0.041176470588235294 0.1588235294117647 0.052941176470588235 
0.9698795180722891 0.018072289156626505 0.006024096385542169 0.006024096385542169 
0.7337662337662337 0.006493506493506494 0.2532467532467532 0.006493506493506494 
0.936046511627907 0.029069767441860465 0.029069767441860465 0.005813953488372093 
0.9488636363636364 0.017045454545454544 0.017045454545454544 0.017045454545454544 
0.9155844155844156 0.07142857142857142 0.006493506493506494 0.006493506493506494 
0.9216867469879518 0.05421686746987952 0.018072289156626505 0.006024096385542169 
0.8466666666666667 0.06 0.08666666666666667 0.006666666666666667 
0.8618421052631579 0.006578947368421052 0.125 0.006578947368421052 
0.9121621621621622 0.060810810810810814 0.02027027027027027 0.006756756756756757 
0.73125 0.09375 0.16875 0.00625 
0.8397435897435898 0.12179487179487179 0.00641025641025641 0.03205128205128205 
0.95625 0.03125 0.00625 0.00625 
0.9817073170731707 0.006097560975609756 0.006097560975609756 0.006097560975609756 
0.7857142857142857 0.18831168831168832 0.01948051948051948 0.006493506493506494 
0.9320987654320988 0.030864197530864196 0.030864197530864196 0.006172839506172839 
0.7986111111111112 0.020833333333333332 0.1736111111111111 0.006944444444444444 
0.7658227848101266 0.056962025316455694 0.17088607594936708 0.006329113924050633 
0.845679012345679 0.006172839506172839 0.1419753086419753 0.006172839506172839 
0.7911392405063291 0.056962025316455694 0.14556962025316456 0.006329113924050633 
0.8397435897435898 0.07051282051282051 0.08333333333333333 0.00641025641025641 
0.9652777777777778 0.006944444444444444 0.020833333333333332 0.006944444444444444 
0.8716216216216216 0.11486486486486487 0.006756756756756757 0.006756756756756757 
0.7828947368421053 0.19078947368421054 0.019736842105263157 0.006578947368421052 
0.8092105263157895 0.16447368421052633 0.019736842105263157 0.006578947368421052 
0.9375 0.006944444444444444 0.04861111111111111 0.006944444444444444 
0.6927710843373494 0.05421686746987952 0.2469879518072289 0.006024096385542169 
0.9810126582278481 0.006329113924050633 0.006329113924050633 0.006329113924050633 
0.7337662337662337 0.16233766233766234 0.07142857142857142 0.032467532467532464 
0.15979381443298968 0.005154639175257732 0.8092783505154639 0.02577319587628866 
0.005154639175257732 0.005154639175257732 0.9845360824742269 0.005154639175257732 
0.005154639175257732 0.015463917525773196 0.9432989690721649 0.03608247422680412 
0.11734693877551021 0.025510204081632654 0.8214285714285714 0.03571428571428571 
0.00510204081632653 0.00510204081632653 0.9846938775510204 0.00510204081632653 
0.14646464646464646 0.005050505050505051 0.803030303030303 0.045454545454545456 
0.14795918367346939 0.00510204081632653 0.8418367346938775 0.00510204081632653 
0.17010309278350516 0.04639175257731959 0.7268041237113402 0.05670103092783505 
0.02577319587628866 0.005154639175257732 0.9639175257731959 0.005154639175257732 
0.15104166666666666 0.005208333333333333 0.8385416666666666 0.005208333333333333 
0.005376344086021506 0.005376344086021506 0.9838709677419355 0.005376344086021506 
0.22727272727272727 0.015151515151515152 0.7323232323232324 0.025252525252525252 
0.015306122448979591 0.015306122448979591 0.9642857142857143 0.00510204081632653 
0.08673469387755102 0.00510204081632653 0.8928571428571429 0.015306122448979591 
0.03684210526315789 0.005263157894736842 0.9 0.05789473684210526 
0.04639175257731959 0.005154639175257732 0.9432989690721649 0.005154639175257732 
0.046875 0.015625 0.9322916666666666 0.005208333333333333 
0.065 0.005 0.875 0.055 
0.04591836734693878 0.015306122448979591 0.9030612244897959 0.03571428571428571 
0.015625 0.015625 0.9427083333333334 0.026041666666666668 
0.10824742268041238 0.005154639175257732 0.8505154639175257 0.03608247422680412 
0.10106382978723404 0.015957446808510637 0.8670212765957447 0.015957446808510637 
0.046875 0.005208333333333333 0.8697916666666666 0.078125 
0.109375 0.005208333333333333 0.8802083333333334 0.005208333333333333 
0.035 0.005 0.925 0.035 
0.005208333333333333 0.005208333333333333 0.953125 0.036458333333333336 
0.005050505050505051 0.005050505050505051 0.9545454545454546 0.03535353535353535 
0.215 0.005 0.775 0.005 
0.165 0.005 0.785 0.045 
0.105 0.005 0.865 0.025 
0.016129032258064516 0.026881720430107527 0.9301075268817204 0.026881720430107527 
0.00510204081632653 0.00510204081632653 0.9540816326530612 0.03571428571428571 
0.14795918367346939 0.00510204081632653 0.75 0.09693877551020408 
0.10714285714285714 0.015306122448979591 0.8418367346938775 0.03571428571428571 
0.13020833333333334 0.015625 0.8489583333333334 0.005208333333333333 
0.05612244897959184 0.00510204081632653 0.923469387755102 0.015306122448979591 
0.13020833333333334 0.005208333333333333 0.734375 0.13020833333333334 
0.0797872340425532 0.005319148936170213 0.898936170212766 0.015957446808510637 
0.015625 0.005208333333333333 0.9739583333333334 0.005208333333333333 
0.215 0.005 0.655 0.125 
0.10606060606060606 0.005050505050505051 0.8838383838383839 0.005050505050505051 
0.026595744680851064 0.015957446808510637 0.9521276595744681 0.005319148936170213 
0.005208333333333333 0.005208333333333333 0.9635416666666666 0.026041666666666668 
0.00510204081632653 0.00510204081632653 0.9540816326530612 0.03571428571428571 
0.42346938775510207 0.015306122448979591 0.5459183673469388 0.015306122448979591 
0.06842105263157895 0.015789473684210527 0.9105263157894737 0.005263157894736842 
0.18421052631578946 0.005263157894736842 0.7631578947368421 0.04736842105263158 
0.265625 0.005208333333333333 0.6302083333333334 0.09895833333333333 
0.09895833333333333 0.005208333333333333 0.8697916666666666 0.026041666666666668 
0.18041237113402062 0.005154639175257732 0.7989690721649485 0.015463917525773196 
0.005681818181818182 0.005681818181818182 0.0625 0.9261363636363636 
0.005555555555555556 0.005555555555555556 0.005555555555555556 0.9833333333333333 
0.005813953488372093 0.005813953488372093 0.040697674418604654 0.9476744186046512 
0.005681818181818182 0.017045454545454544 0.028409090909090908 0.9488636363636364 
0.005319148936170213 0.005319148936170213 0.005319148936170213 0.9840425531914894 
0.005952380952380952 0.005952380952380952 0.005952380952380952 0.9821428571428571 
0.016853932584269662 0.0056179775280898875 0.05056179775280899 0.9269662921348315 
0.005681818181818182 0.017045454545454544 0.005681818181818182 0.9715909090909091 
0.005747126436781609 0.017241379310344827 0.005747126436781609 0.9712643678160919 
0.006172839506172839 0.018518518518518517 0.018518518518518517 0.9567901234567902 
0.06111111111111111 0.005555555555555556 0.005555555555555556 0.9277777777777778 
0.005952380952380952 0.005952380952380952 0.017857142857142856 0.9702380952380952 
0.0058823529411764705 0.0058823529411764705 0.0058823529411764705 0.9823529411764705 
0.005813953488372093 0.005813953488372093 0.005813953488372093 0.9825581395348837 
0.005681818181818182 0.005681818181818182 0.05113636363636364 0.9375 
0.005747126436781609 0.005747126436781609 0.05172413793103448 0.9367816091954023 
0.005747126436781609 0.005747126436781609 0.005747126436781609 0.9827586206896551 
0.005434782608695652 0.005434782608695652 0.02717391304347826 0.9619565217391305 
0.015957446808510637 0.015957446808510637 0.005319148936170213 0.9627659574468085 
0.029411764705882353 0.0058823529411764705 0.0058823529411764705 0.9588235294117647 
0.005952380952380952 0.005952380952380952 0.02976190476190476 0.9583333333333334 
0.005494505494505495 0.005494505494505495 0.005494505494505495 0.9835164835164835 
0.03932584269662921 0.0056179775280898875 0.0056179775280898875 0.949438202247191 
0.0058823529411764705 0.0058823529411764705 0.01764705882352941 0.9705882352941176 
0.0056179775280898875 0.0056179775280898875 0.03932584269662921 0.949438202247191 
0.005681818181818182 0.005681818181818182 0.005681818181818182 0.9829545454545454 
0.005747126436781609 0.005747126436781609 0.028735632183908046 0.9597701149425287 
0.0058823529411764705 0.0058823529411764705 0.0058823529411764705 0.9823529411764705 
0.005494505494505495 0.016483516483516484 0.005494505494505495 0.9725274725274725 
0.06179775280898876 0.016853932584269662 0.0056179775280898875 0.9157303370786517 
0.005681818181818182 0.005681818181818182 0.005681818181818182 0.9829545454545454 
0.006172839506172839 0.006172839506172839 0.006172839506172839 0.9814814814814815 
0.005494505494505495 0.005494505494505495 0.016483516483516484 0.9725274725274725 
0.05113636363636364 0.005681818181818182 0.017045454545454544 0.9261363636363636 
0.028089887640449437 0.0056179775280898875 0.03932584269662921 0.9269662921348315 
0.028409090909090908 0.005681818181818182 0.017045454545454544 0.9488636363636364 
0.006024096385542169 0.006024096385542169 0.006024096385542169 0.9819277108433735 
0.017045454545454544 0.005681818181818182 0.005681818181818182 0.9715909090909091 
0.0058823529411764705 0.0058823529411764705 0.0058823529411764705 0.9823529411764705 
0.005434782608695652 0.005434782608695652 0.005434782608695652 0.9836956521739131 
0.005813953488372093 0.005813953488372093 0.01744186046511628 0.9709302325581395 
0.043209876543209874 0.006172839506172839 0.030864197530864196 0.9197530864197531 
0.017857142857142856 0.005952380952380952 0.005952380952380952 0.9702380952380952 
0.006024096385542169 0.006024096385542169 0.006024096385542169 0.9819277108433735 
0.016304347826086956 0.005434782608695652 0.005434782608695652 0.9728260869565217 
0.032467532467532464 0.006493506493506494 0.006493506493506494 0.9545454545454546 
0.005747126436781609 0.005747126436781609 0.017241379310344827 0.9712643678160919 
0.005813953488372093 0.005813953488372093 0.029069767441860465 0.9593023255813954 
0.005434782608695652 0.005434782608695652 0.03804347826086957 0.9510869565217391 
0.005434782608695652 0.005434782608695652 0.005434782608695652 0.9836956521739131 
