0.005952380952380952 0.9702380952380952 0.017857142857142856 0.005952380952380952 
0.006172839506172839 0.9814814814814815 0.006172839506172839 0.006172839506172839 
0.006097560975609756 0.9817073170731707 0.006097560975609756 0.006097560975609756 
0.006329113924050633 0.9810126582278481 0.006329113924050633 0.006329113924050633 
0.00641025641025641 0.9807692307692307 0.00641025641025641 0.00641025641025641 
0.018518518518518517 0.9567901234567902 0.006172839506172839 0.018518518518518517 
0.00625 0.96875 0.00625 0.01875 
0.00684931506849315 0.9657534246575342 0.00684931506849315 0.02054794520547945 
0.033783783783783786 0.9527027027027027 0.006756756756756757 0.006756756756756757 
0.006578947368421052 0.9802631578947368 0.006578947368421052 0.006578947368421052 
0.019230769230769232 0.967948717948718 0.00641025641025641 0.00641025641025641 
0.006024096385542169 0.9819277108433735 0.006024096385542169 0.006024096385542169 
0.006944444444444444 0.9513888888888888 0.006944444444444444 0.034722222222222224 
0.006329113924050633 0.9810126582278481 0.006329113924050633 0.006329113924050633 
0.00684931506849315 0.9657534246575342 0.00684931506849315 0.02054794520547945 
0.006493506493506494 0.9805194805194806 0.006493506493506494 0.006493506493506494 
0.006329113924050633 0.9810126582278481 0.006329113924050633 0.006329113924050633 
0.029411764705882353 0.9588235294117647 0.0058823529411764705 0.0058823529411764705 
0.00641025641025641 0.967948717948718 0.019230769230769232 0.00641025641025641 
0.006172839506172839 0.9814814814814815 0.006172839506172839 0.006172839506172839 
0.0058823529411764705 0.9823529411764705 0.0058823529411764705 0.0058823529411764705 
0.02 0.9666666666666667 0.006666666666666667 0.006666666666666667 
0.0056179775280898875 0.9719101123595506 0.0056179775280898875 0.016853932584269662 
0.017857142857142856 0.9702380952380952 0.005952380952380952 0.005952380952380952 
0.0058823529411764705 0.9823529411764705 0.0058823529411764705 0.0058823529411764705 
0.018518518518518517 0.9691358024691358 0.006172839506172839 0.006172839506172839 
0.03289473684210526 0.9539473684210527 0.006578947368421052 0.006578947368421052 
0.017857142857142856 0.9702380952380952 0.005952380952380952 0.005952380952380952 
0.006097560975609756 0.9695121951219512 0.006097560975609756 0.018292682926829267 
0.0058823529411764705 0.9823529411764705 0.0058823529411764705 0.0058823529411764705 
0.006493506493506494 0.9675324675324676 0.006493506493506494 0.01948051948051948 
0.016666666666666666 0.9611111111111111 0.016666666666666666 0.005555555555555556 
0.00641025641025641 0.967948717948718 0.00641025641025641 0.019230769230769232 
0.006097560975609756 0.9817073170731707 0.006097560975609756 0.006097560975609756 
0.006756756756756757 0.9797297297297297 0.006756756756756757 0.006756756756756757 
0.01948051948051948 0.9675324675324676 0.006493506493506494 0.006493506493506494 
0.018518518518518517 0.9691358024691358 0.006172839506172839 0.006172839506172839 
0.006666666666666667 0.9666666666666667 0.02 0.006666666666666667 
0.006097560975609756 0.9817073170731707 0.006097560975609756 0.006097560975609756 
0.00641025641025641 0.9807692307692307 0.00641025641025641 0.00641025641025641 
0.006172839506172839 0.9814814814814815 0.006172839506172839 0.006172839506172839 
0.005319148936170213 0.9840425531914894 0.005319148936170213 0.005319148936170213 
0.006024096385542169 0.9819277108433735 0.006024096385542169 0.006024096385542169 
0.005813953488372093 0.9825581395348837 0.005813953488372093 0.005813953488372093 
0.006097560975609756 0.9817073170731707 0.006097560975609756 0.006097560975609756 
0.006493506493506494 0.9675324675324676 0.01948051948051948 0.006493506493506494 
0.006493506493506494 0.9805194805194806 0.006493506493506494 0.006493506493506494 
0.00641025641025641 0.967948717948718 0.019230769230769232 0.00641025641025641 
0.00625 0.98125 0.00625 0.00625 
0.006493506493506494 0.9805194805194806 0.006493506493506494 0.006493506493506494 
0.6346153846153846 0.07051282051282051 0.28846153846153844 0.00641025641025641 
0.9810126582278481 0.006329113924050633 0.006329113924050633 0.006329113924050633 
0.9567901234567902 0.030864197530864196 0.006172839506172839 0.006172839506172839 
0.8417721518987342 0.0189873417721519 0.13291139240506328 0.006329113924050633 
0.9345238095238095 0.017857142857142856 0.02976190476190476 0.017857142857142856 
0.8896103896103896 0.08441558441558442 0.006493506493506494 0.01948051948051948 
0.9155844155844156 0.07142857142857142 0.006493506493506494 0.006493506493506494 
0.9166666666666666 0.03205128205128205 0.04487179487179487 0.00641025641025641 
0.8703703703703703 0.11728395061728394 0.006172839506172839 0.006172839506172839 
0.9207317073170732 0.042682926829268296 0.018292682926829267 0.018292682926829267 
0.8944444444444445 0.07222222222222222 0.027777777777777776 0.005555555555555556 
0.8958333333333334 0.09027777777777778 0.006944444444444444 0.006944444444444444 
0.78125 0.05625 0.15625 0.00625 
0.9391891891891891 0.006756756756756757 0.0472972972972973 0.006756756756756757 
0.9207317073170732 0.03048780487804878 0.042682926829268296 0.006097560975609756 
0.877906976744186 0.09883720930232558 0.01744186046511628 0.005813953488372093 
0.6325301204819277 0.04216867469879518 0.3192771084337349 0.006024096385542169 
0.8376623376623377 0.01948051948051948 0.12337662337662338 0.01948051948051948 
0.8910256410256411 0.03205128205128205 0.07051282051282051 0.00641025641025641 
0.9285714285714286 0.01948051948051948 0.045454545454545456 0.006493506493506494 
0.967948717948718 0.019230769230769232 0.00641025641025641 0.00641025641025641 
0.8294117647058824 0.08823529411764706 0.07647058823529412 0.0058823529411764705 
0.9216867469879518 0.018072289156626505 0.05421686746987952 0.006024096385542169 
0.8506493506493507 0.032467532467532464 0.11038961038961038 0.006493506493506494 
0.9011627906976745 0.01744186046511628 0.06395348837209303 0.01744186046511628 
0.6306818181818182 0.14204545454545456 0.2215909090909091 0.005681818181818182 
0.8896103896103896 0.08441558441558442 0.01948051948051948 0.006493506493506494 
0.9096385542168675 0.0783132530120482 0.006024096385542169 0.006024096385542169 
0.98 0.006666666666666667 0.006666666666666667 0.006666666666666667 
0.9013157894736842 0.046052631578947366 0.046052631578947366 0.006578947368421052 
0.9797297297297297 0.006756756756756757 0.006756756756756757 0.006756756756756757 
0.68125 0.10625 0.20625 0.00625 
0.8012820512820513 0.16025641025641027 0.03205128205128205 0.00641025641025641 
0.90625 0.06875 0.01875 0.00625 
0.9817073170731707 0.006097560975609756 0.006097560975609756 0.006097560975609756 
0.8766233766233766 0.09740259740259741 0.01948051948051948 0.006493506493506494 
0.9197530864197531 0.018518518518518517 0.05555555555555555 0.006172839506172839 
0.7986111111111112 0.020833333333333332 0.1736111111111111 0.006944444444444444 
0.9050632911392406 0.056962025316455694 0.03164556962025317 0.006329113924050633 
0.8209876543209876 0.030864197530864196 0.1419753086419753 0.006172839506172839 
0.7911392405063291 0.056962025316455694 0.14556962025316456 0.006329113924050633 
0.8782051282051282 0.09615384615384616 0.019230769230769232 0.00641025641025641 
0.8125 0.04861111111111111 0.10416666666666667 0.034722222222222224 
0.8445945945945946 0.08783783783783784 0.060810810810810814 0.006756756756756757 
0.8092105263157895 0.07236842105263158 0.1118421052631579 0.006578947368421052 
0.875 0.1118421052631579 0.006578947368421052 0.006578947368421052 
0.8958333333333334 0.020833333333333332 0.0763888888888889 0.006944444444444444 
0.7289156626506024 0.0783132530120482 0.18674698795180722 0.006024096385542169 
0.9556962025316456 0.03164556962025317 0.006329113924050633 0.006329113924050633 
0.8506493506493507 0.11038961038961038 0.032467532467532464 0.006493506493506494 
0.05670103092783505 0.02577319587628866 0.9123711340206185 0.005154639175257732 
0.03608247422680412 0.015463917525773196 0.9432989690721649 0.005154639175257732 
0.005154639175257732 0.005154639175257732 0.9432989690721649 0.04639175257731959 
0.28061224489795916 0.00510204081632653 0.6887755102040817 0.025510204081632654 
0.0663265306122449 0.00510204081632653 0.8826530612244898 0.04591836734693878 
0.18686868686868688 0.015151515151515152 0.7222222222222222 0.07575757575757576 
0.1683673469387755 0.00510204081632653 0.8214285714285714 0.00510204081632653 
0.07731958762886598 0.015463917525773196 0.8814432989690721 0.02577319587628866 
0.23195876288659795 0.03608247422680412 0.7061855670103093 0.02577319587628866 
0.08854166666666667 0.026041666666666668 0.8697916666666666 0.015625 
0.016129032258064516 0.05913978494623656 0.9193548387096774 0.005376344086021506 
0.03535353535353535 0.045454545454545456 0.8838383838383839 0.03535353535353535 
0.10714285714285714 0.00510204081632653 0.8622448979591837 0.025510204081632654 
0.0663265306122449 0.00510204081632653 0.9030612244897959 0.025510204081632654 
0.04736842105263158 0.005263157894736842 0.9421052631578948 0.005263157894736842 
0.22164948453608246 0.005154639175257732 0.7268041237113402 0.04639175257731959 
0.046875 0.005208333333333333 0.9114583333333334 0.036458333333333336 
0.125 0.025 0.845 0.005 
0.32142857142857145 0.03571428571428571 0.5969387755102041 0.04591836734693878 
0.015625 0.015625 0.9635416666666666 0.005208333333333333 
0.07731958762886598 0.005154639175257732 0.9123711340206185 0.005154639175257732 
0.015957446808510637 0.005319148936170213 0.9627659574468085 0.015957446808510637 
0.046875 0.005208333333333333 0.890625 0.057291666666666664 
0.109375 0.026041666666666668 0.859375 0.005208333333333333 
0.085 0.005 0.835 0.075 
0.005208333333333333 0.005208333333333333 0.9427083333333334 0.046875 
0.03535353535353535 0.03535353535353535 0.9242424242424242 0.005050505050505051 
0.125 0.015 0.815 0.045 
0.075 0.005 0.845 0.075 
0.095 0.005 0.895 0.005 
0.016129032258064516 0.026881720430107527 0.9301075268817204 0.026881720430107527 
0.1989795918367347 0.015306122448979591 0.6683673469387755 0.11734693877551021 
0.1683673469387755 0.00510204081632653 0.8112244897959183 0.015306122448979591 
0.025510204081632654 0.00510204081632653 0.9642857142857143 0.00510204081632653 
0.09895833333333333 0.005208333333333333 0.859375 0.036458333333333336 
0.18877551020408162 0.00510204081632653 0.8010204081632653 0.00510204081632653 
0.09895833333333333 0.005208333333333333 0.8385416666666666 0.057291666666666664 
0.03723404255319149 0.03723404255319149 0.9202127659574468 0.005319148936170213 
0.015625 0.015625 0.9635416666666666 0.005208333333333333 
0.025 0.015 0.885 0.075 
0.05555555555555555 0.005050505050505051 0.9242424242424242 0.015151515151515152 
0.005319148936170213 0.03723404255319149 0.9414893617021277 0.015957446808510637 
0.057291666666666664 0.005208333333333333 0.9322916666666666 0.005208333333333333 
0.00510204081632653 0.00510204081632653 0.9642857142857143 0.025510204081632654 
0.3112244897959184 0.00510204081632653 0.6785714285714286 0.00510204081632653 
0.15263157894736842 0.005263157894736842 0.8368421052631579 0.005263157894736842 
0.06842105263157895 0.005263157894736842 0.9210526315789473 0.005263157894736842 
0.09895833333333333 0.005208333333333333 0.8697916666666666 0.026041666666666668 
0.15104166666666666 0.005208333333333333 0.8385416666666666 0.005208333333333333 
0.08762886597938144 0.02577319587628866 0.8814432989690721 0.005154639175257732 
0.017045454545454544 0.005681818181818182 0.017045454545454544 0.9602272727272727 
0.016666666666666666 0.016666666666666666 0.005555555555555556 0.9611111111111111 
0.005813953488372093 0.01744186046511628 0.01744186046511628 0.9593023255813954 
0.005681818181818182 0.005681818181818182 0.03977272727272727 0.9488636363636364 
0.005319148936170213 0.005319148936170213 0.005319148936170213 0.9840425531914894 
0.005952380952380952 0.005952380952380952 0.005952380952380952 0.9821428571428571 
0.0056179775280898875 0.0056179775280898875 0.016853932584269662 0.9719101123595506 
0.005681818181818182 0.005681818181818182 0.03977272727272727 0.9488636363636364 
0.005747126436781609 0.005747126436781609 0.005747126436781609 0.9827586206896551 
0.006172839506172839 0.006172839506172839 0.030864197530864196 0.9567901234567902 
0.005555555555555556 0.005555555555555556 0.005555555555555556 0.9833333333333333 
0.005952380952380952 0.005952380952380952 0.005952380952380952 0.9821428571428571 
0.0058823529411764705 0.0058823529411764705 0.029411764705882353 0.9588235294117647 
0.005813953488372093 0.005813953488372093 0.005813953488372093 0.9825581395348837 
0.017045454545454544 0.005681818181818182 0.005681818181818182 0.9715909090909091 
0.005747126436781609 0.005747126436781609 0.028735632183908046 0.9597701149425287 
0.005747126436781609 0.005747126436781609 0.005747126436781609 0.9827586206896551 
0.02717391304347826 0.005434782608695652 0.005434782608695652 0.9619565217391305 
0.005319148936170213 0.005319148936170213 0.005319148936170213 0.9840425531914894 
0.0058823529411764705 0.0058823529411764705 0.0058823529411764705 0.9823529411764705 
0.005952380952380952 0.005952380952380952 0.017857142857142856 0.9702380952380952 
0.005494505494505495 0.005494505494505495 0.005494505494505495 0.9835164835164835 
0.0056179775280898875 0.0056179775280898875 0.0056179775280898875 0.9831460674157303 
0.01764705882352941 0.0058823529411764705 0.029411764705882353 0.9470588235294117 
0.0056179775280898875 0.0056179775280898875 0.016853932584269662 0.9719101123595506 
0.005681818181818182 0.005681818181818182 0.017045454545454544 0.9715909090909091 
0.017241379310344827 0.005747126436781609 0.005747126436781609 0.9712643678160919 
0.0058823529411764705 0.0058823529411764705 0.0058823529411764705 0.9823529411764705 
0.005494505494505495 0.005494505494505495 0.005494505494505495 0.9835164835164835 
0.0056179775280898875 0.0056179775280898875 0.016853932584269662 0.9719101123595506 
0.005681818181818182 0.005681818181818182 0.005681818181818182 0.9829545454545454 
0.006172839506172839 0.018518518518518517 0.006172839506172839 0.9691358024691358 
0.005494505494505495 0.005494505494505495 0.005494505494505495 0.9835164835164835 
0.005681818181818182 0.017045454545454544 0.005681818181818182 0.9715909090909091 
0.05056179775280899 0.0056179775280898875 0.0056179775280898875 0.9382022471910112 
0.005681818181818182 0.005681818181818182 0.017045454545454544 0.9715909090909091 
0.006024096385542169 0.006024096385542169 0.018072289156626505 0.9698795180722891 
0.005681818181818182 0.005681818181818182 0.017045454545454544 0.9715909090909091 
0.0058823529411764705 0.0058823529411764705 0.0058823529411764705 0.9823529411764705 
0.005434782608695652 0.016304347826086956 0.005434782608695652 0.9728260869565217 
0.005813953488372093 0.005813953488372093 0.01744186046511628 0.9709302325581395 
0.006172839506172839 0.006172839506172839 0.006172839506172839 0.9814814814814815 
0.017857142857142856 0.005952380952380952 0.005952380952380952 0.9702380952380952 
0.018072289156626505 0.006024096385542169 0.006024096385542169 0.9698795180722891 
0.016304347826086956 0.005434782608695652 0.016304347826086956 0.9619565217391305 
0.01948051948051948 0.006493506493506494 0.006493506493506494 0.9675324675324676 
0.005747126436781609 0.005747126436781609 0.005747126436781609 0.9827586206896551 
0.040697674418604654 0.005813953488372093 0.029069767441860465 0.9244186046511628 
0.005434782608695652 0.005434782608695652 0.005434782608695652 0.9836956521739131 
0.005434782608695652 0.005434782608695652 0.005434782608695652 0.9836956521739131 
