0.005952380952380952 0.9702380952380952 0.005952380952380952 0.017857142857142856 
0.006172839506172839 0.9814814814814815 0.006172839506172839 0.006172839506172839 
0.042682926829268296 0.9451219512195121 0.006097560975609756 0.006097560975609756 
0.006329113924050633 0.9810126582278481 0.006329113924050633 0.006329113924050633 
0.00641025641025641 0.9807692307692307 0.00641025641025641 0.00641025641025641 
0.043209876543209874 0.9444444444444444 0.006172839506172839 0.006172839506172839 
0.00625 0.98125 0.00625 0.00625 
0.00684931506849315 0.952054794520548 0.00684931506849315 0.03424657534246575 
0.02027027027027027 0.9527027027027027 0.02027027027027027 0.006756756756756757 
0.006578947368421052 0.9802631578947368 0.006578947368421052 0.006578947368421052 
0.019230769230769232 0.967948717948718 0.00641025641025641 0.00641025641025641 
0.006024096385542169 0.9698795180722891 0.006024096385542169 0.018072289156626505 
0.006944444444444444 0.9652777777777778 0.020833333333333332 0.006944444444444444 
0.006329113924050633 0.9810126582278481 0.006329113924050633 0.006329113924050633 
0.00684931506849315 0.9657534246575342 0.00684931506849315 0.02054794520547945 
0.006493506493506494 0.9805194805194806 0.006493506493506494 0.006493506493506494 
0.006329113924050633 0.9810126582278481 0.006329113924050633 0.006329113924050633 
0.0058823529411764705 0.9823529411764705 0.0058823529411764705 0.0058823529411764705 
0.00641025641025641 0.967948717948718 0.019230769230769232 0.00641025641025641 
0.006172839506172839 0.9814814814814815 0.006172839506172839 0.006172839506172839 
0.0058823529411764705 0.9823529411764705 0.0058823529411764705 0.0058823529411764705 
0.006666666666666667 0.9666666666666667 0.006666666666666667 0.02 
0.0056179775280898875 0.9831460674157303 0.0056179775280898875 0.0056179775280898875 
0.02976190476190476 0.9583333333333334 0.005952380952380952 0.005952380952380952 
0.0058823529411764705 0.9823529411764705 0.0058823529411764705 0.0058823529411764705 
0.030864197530864196 0.9567901234567902 0.006172839506172839 0.006172839506172839 
0.006578947368421052 0.9671052631578947 0.006578947368421052 0.019736842105263157 
0.005952380952380952 0.9821428571428571 0.005952380952380952 0.005952380952380952 
0.006097560975609756 0.9817073170731707 0.006097560975609756 0.006097560975609756 
0.0058823529411764705 0.9823529411764705 0.0058823529411764705 0.0058823529411764705 
0.006493506493506494 0.9805194805194806 0.006493506493506494 0.006493506493506494 
0.03888888888888889 0.95 0.005555555555555556 0.005555555555555556 
0.00641025641025641 0.967948717948718 0.00641025641025641 0.019230769230769232 
0.006097560975609756 0.9817073170731707 0.006097560975609756 0.006097560975609756 
0.006756756756756757 0.9797297297297297 0.006756756756756757 0.006756756756756757 
0.006493506493506494 0.9805194805194806 0.006493506493506494 0.006493506493506494 
0.006172839506172839 0.9814814814814815 0.006172839506172839 0.006172839506172839 
0.006666666666666667 0.9666666666666667 0.02 0.006666666666666667 
0.006097560975609756 0.9817073170731707 0.006097560975609756 0.006097560975609756 
0.00641025641025641 0.9807692307692307 0.00641025641025641 0.00641025641025641 
0.006172839506172839 0.9814814814814815 0.006172839506172839 0.006172839506172839 
0.005319148936170213 0.9840425531914894 0.005319148936170213 0.005319148936170213 
0.006024096385542169 0.9819277108433735 0.006024096385542169 0.006024096385542169 
0.005813953488372093 0.9825581395348837 0.005813953488372093 0.005813953488372093 
0.006097560975609756 0.9817073170731707 0.006097560975609756 0.006097560975609756 
0.01948051948051948 0.9675324675324676 0.006493506493506494 0.006493506493506494 
0.006493506493506494 0.9805194805194806 0.006493506493506494 0.006493506493506494 
0.00641025641025641 0.9807692307692307 0.00641025641025641 0.00641025641025641 
0.00625 0.98125 0.00625 0.00625 
0.006493506493506494 0.9805194805194806 0.006493506493506494 0.006493506493506494 
0.7115384615384616 0.07051282051282051 0.21153846153846154 0.00641025641025641 
0.9556962025316456 0.03164556962025317 0.006329113924050633 0.006329113924050633 
0.9320987654320988 0.05555555555555555 0.006172839506172839 0.006172839506172839 
0.8164556962025317 0.056962025316455694 0.12025316455696203 0.006329113924050633 
0.9583333333333334 0.017857142857142856 0.017857142857142856 0.005952380952380952 
0.9155844155844156 0.01948051948051948 0.05844155844155844 0.006493506493506494 
0.9545454545454546 0.01948051948051948 0.01948051948051948 0.006493506493506494 
0.75 0.1987179487179487 0.04487179487179487 0.00641025641025641 
0.9320987654320988 0.05555555555555555 0.006172839506172839 0.006172839506172839 
0.9207317073170732 0.054878048780487805 0.018292682926829267 0.006097560975609756 
0.9611111111111111 0.027777777777777776 0.005555555555555556 0.005555555555555556 
0.8819444444444444 0.04861111111111111 0.0625 0.006944444444444444 
0.94375 0.04375 0.00625 0.00625 
0.8716216216216216 0.02027027027027027 0.10135135135135136 0.006756756756756757 
0.7987804878048781 0.006097560975609756 0.18902439024390244 0.006097560975609756 
0.936046511627907 0.040697674418604654 0.005813953488372093 0.01744186046511628 
0.8253012048192772 0.10240963855421686 0.05421686746987952 0.018072289156626505 
0.9025974025974026 0.05844155844155844 0.032467532467532464 0.006493506493506494 
0.8012820512820513 0.1346153846153846 0.057692307692307696 0.00641025641025641 
0.8376623376623377 0.032467532467532464 0.11038961038961038 0.01948051948051948 
0.8525641025641025 0.12179487179487179 0.019230769230769232 0.00641025641025641 
0.7941176470588235 0.041176470588235294 0.1588235294117647 0.0058823529411764705 
0.9457831325301205 0.030120481927710843 0.018072289156626505 0.006024096385542169 
0.9025974025974026 0.045454545454545456 0.045454545454545456 0.006493506493506494 
0.9825581395348837 0.005813953488372093 0.005813953488372093 0.005813953488372093 
0.8693181818181818 0.017045454545454544 0.10795454545454546 0.005681818181818182 
0.9545454545454546 0.032467532467532464 0.006493506493506494 0.006493506493506494 
0.9216867469879518 0.05421686746987952 0.018072289156626505 0.006024096385542169 
0.9533333333333334 0.02 0.006666666666666667 0.02 
0.9671052631578947 0.006578947368421052 0.006578947368421052 0.019736842105263157 
0.8175675675675675 0.1554054054054054 0.006756756756756757 0.02027027027027027 
0.79375 0.03125 0.16875 0.00625 
0.8269230769230769 0.09615384615384616 0.07051282051282051 0.00641025641025641 
0.83125 0.09375 0.06875 0.00625 
0.9573170731707317 0.006097560975609756 0.03048780487804878 0.006097560975609756 
0.8636363636363636 0.09740259740259741 0.01948051948051948 0.01948051948051948 
0.9814814814814815 0.006172839506172839 0.006172839506172839 0.006172839506172839 
0.9236111111111112 0.0625 0.006944444444444444 0.006944444444444444 
0.9177215189873418 0.03164556962025317 0.04430379746835443 0.006329113924050633 
0.8950617283950617 0.018518518518518517 0.08024691358024691 0.006172839506172839 
0.879746835443038 0.04430379746835443 0.06962025316455696 0.006329113924050633 
0.967948717948718 0.019230769230769232 0.00641025641025641 0.00641025641025641 
0.8125 0.0625 0.11805555555555555 0.006944444444444444 
0.8716216216216216 0.10135135135135136 0.006756756756756757 0.02027027027027027 
0.9671052631578947 0.006578947368421052 0.006578947368421052 0.019736842105263157 
0.8486842105263158 0.05921052631578947 0.08552631578947369 0.006578947368421052 
0.9652777777777778 0.020833333333333332 0.006944444444444444 0.006944444444444444 
0.7048192771084337 0.05421686746987952 0.22289156626506024 0.018072289156626505 
0.9810126582278481 0.006329113924050633 0.006329113924050633 0.006329113924050633 
0.8506493506493507 0.11038961038961038 0.032467532467532464 0.006493506493506494 
0.04639175257731959 0.005154639175257732 0.9226804123711341 0.02577319587628866 
0.19072164948453607 0.005154639175257732 0.7783505154639175 0.02577319587628866 
0.015463917525773196 0.005154639175257732 0.9329896907216495 0.04639175257731959 
0.28061224489795916 0.00510204081632653 0.6887755102040817 0.025510204081632654 
0.15816326530612246 0.025510204081632654 0.8112244897959183 0.00510204081632653 
0.2676767676767677 0.005050505050505051 0.7121212121212122 0.015151515151515152 
0.2602040816326531 0.00510204081632653 0.7295918367346939 0.00510204081632653 
0.12886597938144329 0.005154639175257732 0.8505154639175257 0.015463917525773196 
0.07731958762886598 0.005154639175257732 0.9020618556701031 0.015463917525773196 
0.2760416666666667 0.005208333333333333 0.7135416666666666 0.005208333333333333 
0.016129032258064516 0.005376344086021506 0.9408602150537635 0.03763440860215054 
0.3282828282828283 0.005050505050505051 0.6616161616161617 0.005050505050505051 
0.00510204081632653 0.00510204081632653 0.9846938775510204 0.00510204081632653 
0.12755102040816327 0.00510204081632653 0.8520408163265306 0.015306122448979591 
0.05789473684210526 0.005263157894736842 0.8473684210526315 0.08947368421052632 
0.13917525773195877 0.005154639175257732 0.8505154639175257 0.005154639175257732 
0.046875 0.015625 0.9322916666666666 0.005208333333333333 
0.045 0.005 0.935 0.015 
0.07653061224489796 0.025510204081632654 0.8724489795918368 0.025510204081632654 
0.026041666666666668 0.005208333333333333 0.9635416666666666 0.005208333333333333 
0.10824742268041238 0.005154639175257732 0.8711340206185567 0.015463917525773196 
0.005319148936170213 0.015957446808510637 0.8882978723404256 0.09042553191489362 
0.11979166666666667 0.005208333333333333 0.8697916666666666 0.005208333333333333 
0.005208333333333333 0.005208333333333333 0.9739583333333334 0.015625 
0.015 0.005 0.855 0.125 
0.026041666666666668 0.005208333333333333 0.9635416666666666 0.005208333333333333 
0.08585858585858586 0.005050505050505051 0.8838383838383839 0.025252525252525252 
0.065 0.005 0.925 0.005 
0.185 0.005 0.805 0.005 
0.125 0.005 0.855 0.015 
0.03763440860215054 0.026881720430107527 0.9301075268817204 0.005376344086021506 
0.10714285714285714 0.015306122448979591 0.8112244897959183 0.0663265306122449 
0.07653061224489796 0.00510204081632653 0.8826530612244898 0.03571428571428571 
0.04591836734693878 0.00510204081632653 0.9336734693877551 0.015306122448979591 
0.005208333333333333 0.015625 0.9114583333333334 0.06770833333333333 
0.07653061224489796 0.00510204081632653 0.9132653061224489 0.00510204081632653 
0.19270833333333334 0.015625 0.6197916666666666 0.171875 
0.09042553191489362 0.005319148936170213 0.898936170212766 0.005319148936170213 
0.026041666666666668 0.005208333333333333 0.9635416666666666 0.005208333333333333 
0.005 0.025 0.845 0.125 
0.2777777777777778 0.005050505050505051 0.6818181818181818 0.03535353535353535 
0.13297872340425532 0.015957446808510637 0.8457446808510638 0.005319148936170213 
0.140625 0.005208333333333333 0.8489583333333334 0.005208333333333333 
0.08673469387755102 0.00510204081632653 0.9030612244897959 0.00510204081632653 
0.4642857142857143 0.00510204081632653 0.5255102040816326 0.00510204081632653 
0.15263157894736842 0.005263157894736842 0.8368421052631579 0.005263157894736842 
0.14210526315789473 0.005263157894736842 0.8473684210526315 0.005263157894736842 
0.19270833333333334 0.005208333333333333 0.796875 0.005208333333333333 
0.11979166666666667 0.026041666666666668 0.8385416666666666 0.015625 
0.20103092783505155 0.005154639175257732 0.788659793814433 0.005154639175257732 
0.005681818181818182 0.005681818181818182 0.0625 0.9261363636363636 
0.005555555555555556 0.005555555555555556 0.005555555555555556 0.9833333333333333 
0.005813953488372093 0.005813953488372093 0.005813953488372093 0.9825581395348837 
0.005681818181818182 0.005681818181818182 0.028409090909090908 0.9602272727272727 
0.005319148936170213 0.026595744680851064 0.005319148936170213 0.9627659574468085 
0.005952380952380952 0.005952380952380952 0.017857142857142856 0.9702380952380952 
0.0056179775280898875 0.0056179775280898875 0.0056179775280898875 0.9831460674157303 
0.005681818181818182 0.005681818181818182 0.017045454545454544 0.9715909090909091 
0.005747126436781609 0.005747126436781609 0.005747126436781609 0.9827586206896551 
0.018518518518518517 0.006172839506172839 0.006172839506172839 0.9691358024691358 
0.005555555555555556 0.005555555555555556 0.005555555555555556 0.9833333333333333 
0.005952380952380952 0.005952380952380952 0.005952380952380952 0.9821428571428571 
0.01764705882352941 0.01764705882352941 0.0058823529411764705 0.9588235294117647 
0.005813953488372093 0.005813953488372093 0.040697674418604654 0.9476744186046512 
0.017045454545454544 0.005681818181818182 0.028409090909090908 0.9488636363636364 
0.005747126436781609 0.005747126436781609 0.028735632183908046 0.9597701149425287 
0.005747126436781609 0.005747126436781609 0.005747126436781609 0.9827586206896551 
0.005434782608695652 0.005434782608695652 0.005434782608695652 0.9836956521739131 
0.005319148936170213 0.005319148936170213 0.005319148936170213 0.9840425531914894 
0.041176470588235294 0.0058823529411764705 0.029411764705882353 0.9235294117647059 
0.005952380952380952 0.005952380952380952 0.02976190476190476 0.9583333333333334 
0.005494505494505495 0.016483516483516484 0.005494505494505495 0.9725274725274725 
0.016853932584269662 0.0056179775280898875 0.0056179775280898875 0.9719101123595506 
0.01764705882352941 0.0058823529411764705 0.01764705882352941 0.9588235294117647 
0.016853932584269662 0.016853932584269662 0.0056179775280898875 0.9606741573033708 
0.017045454545454544 0.005681818181818182 0.005681818181818182 0.9715909090909091 
0.005747126436781609 0.005747126436781609 0.06321839080459771 0.9252873563218391 
0.0058823529411764705 0.0058823529411764705 0.041176470588235294 0.9470588235294117 
0.005494505494505495 0.005494505494505495 0.005494505494505495 0.9835164835164835 
0.016853932584269662 0.0056179775280898875 0.016853932584269662 0.9606741573033708 
0.005681818181818182 0.005681818181818182 0.005681818181818182 0.9829545454545454 
0.006172839506172839 0.006172839506172839 0.006172839506172839 0.9814814814814815 
0.005494505494505495 0.005494505494505495 0.005494505494505495 0.9835164835164835 
0.005681818181818182 0.017045454545454544 0.005681818181818182 0.9715909090909091 
0.016853932584269662 0.0056179775280898875 0.016853932584269662 0.9606741573033708 
0.017045454545454544 0.017045454545454544 0.017045454545454544 0.9488636363636364 
0.006024096385542169 0.006024096385542169 0.006024096385542169 0.9819277108433735 
0.005681818181818182 0.005681818181818182 0.005681818181818182 0.9829545454545454 
0.0058823529411764705 0.0058823529411764705 0.01764705882352941 0.9705882352941176 
0.005434782608695652 0.005434782608695652 0.02717391304347826 0.9619565217391305 
0.01744186046511628 0.01744186046511628 0.005813953488372093 0.9593023255813954 
0.006172839506172839 0.006172839506172839 0.006172839506172839 0.9814814814814815 
0.005952380952380952 0.005952380952380952 0.017857142857142856 0.9702380952380952 
0.006024096385542169 0.006024096385542169 0.018072289156626505 0.9698795180722891 
0.005434782608695652 0.005434782608695652 0.016304347826086956 0.9728260869565217 
0.006493506493506494 0.01948051948051948 0.006493506493506494 0.9675324675324676 
0.005747126436781609 0.005747126436781609 0.005747126436781609 0.9827586206896551 
0.01744186046511628 0.005813953488372093 0.01744186046511628 0.9593023255813954 
0.016304347826086956 0.005434782608695652 0.005434782608695652 0.9728260869565217 
0.016304347826086956 0.005434782608695652 0.02717391304347826 0.9510869565217391 
