0.005952380952380952 0.9583333333333334 0.005952380952380952 0.02976190476190476 
0.006172839506172839 0.9814814814814815 0.006172839506172839 0.006172839506172839 
0.018292682926829267 0.9695121951219512 0.006097560975609756 0.006097560975609756 
0.006329113924050633 0.9683544303797469 0.0189873417721519 0.006329113924050633 
0.00641025641025641 0.9807692307692307 0.00641025641025641 0.00641025641025641 
0.006172839506172839 0.9814814814814815 0.006172839506172839 0.006172839506172839 
0.00625 0.98125 0.00625 0.00625 
0.03424657534246575 0.9383561643835616 0.00684931506849315 0.02054794520547945 
0.006756756756756757 0.9797297297297297 0.006756756756756757 0.006756756756756757 
0.006578947368421052 0.9802631578947368 0.006578947368421052 0.006578947368421052 
0.019230769230769232 0.967948717948718 0.00641025641025641 0.00641025641025641 
0.006024096385542169 0.9819277108433735 0.006024096385542169 0.006024096385542169 
0.020833333333333332 0.9652777777777778 0.006944444444444444 0.006944444444444444 
0.006329113924050633 0.9810126582278481 0.006329113924050633 0.006329113924050633 
0.00684931506849315 0.9657534246575342 0.00684931506849315 0.02054794520547945 
0.006493506493506494 0.9805194805194806 0.006493506493506494 0.006493506493506494 
0.006329113924050633 0.9810126582278481 0.006329113924050633 0.006329113924050633 
0.0058823529411764705 0.9823529411764705 0.0058823529411764705 0.0058823529411764705 
0.00641025641025641 0.9807692307692307 0.00641025641025641 0.00641025641025641 
0.006172839506172839 0.9814814814814815 0.006172839506172839 0.006172839506172839 
0.0058823529411764705 0.9823529411764705 0.0058823529411764705 0.0058823529411764705 
0.006666666666666667 0.98 0.006666666666666667 0.006666666666666667 
0.0056179775280898875 0.9831460674157303 0.0056179775280898875 0.0056179775280898875 
0.041666666666666664 0.9464285714285714 0.005952380952380952 0.005952380952380952 
0.0058823529411764705 0.9823529411764705 0.0058823529411764705 0.0058823529411764705 
0.030864197530864196 0.9567901234567902 0.006172839506172839 0.006172839506172839 
0.006578947368421052 0.9802631578947368 0.006578947368421052 0.006578947368421052 
0.005952380952380952 0.9821428571428571 0.005952380952380952 0.005952380952380952 
0.018292682926829267 0.9695121951219512 0.006097560975609756 0.006097560975609756 
0.041176470588235294 0.9470588235294117 0.0058823529411764705 0.0058823529411764705 
0.006493506493506494 0.9675324675324676 0.006493506493506494 0.01948051948051948 
0.05 0.9388888888888889 0.005555555555555556 0.005555555555555556 
0.00641025641025641 0.967948717948718 0.00641025641025641 0.019230769230769232 
0.006097560975609756 0.9695121951219512 0.006097560975609756 0.018292682926829267 
0.006756756756756757 0.9797297297297297 0.006756756756756757 0.006756756756756757 
0.006493506493506494 0.9805194805194806 0.006493506493506494 0.006493506493506494 
0.006172839506172839 0.9691358024691358 0.006172839506172839 0.018518518518518517 
0.006666666666666667 0.98 0.006666666666666667 0.006666666666666667 
0.018292682926829267 0.9451219512195121 0.006097560975609756 0.03048780487804878 
0.00641025641025641 0.9807692307692307 0.00641025641025641 0.00641025641025641 
0.006172839506172839 0.9814814814814815 0.006172839506172839 0.006172839506172839 
0.005319148936170213 0.9840425531914894 0.005319148936170213 0.005319148936170213 
0.006024096385542169 0.9819277108433735 0.006024096385542169 0.006024096385542169 
0.005813953488372093 0.9825581395348837 0.005813953488372093 0.005813953488372093 
0.018292682926829267 0.9573170731707317 0.018292682926829267 0.006097560975609756 
0.01948051948051948 0.9675324675324676 0.006493506493506494 0.006493506493506494 
0.01948051948051948 0.9675324675324676 0.006493506493506494 0.006493506493506494 
0.00641025641025641 0.9807692307692307 0.00641025641025641 0.00641025641025641 
0.00625 0.98125 0.00625 0.00625 
0.006493506493506494 0.9805194805194806 0.006493506493506494 0.006493506493506494 
0.6602564102564102 0.057692307692307696 0.27564102564102566 0.00641025641025641 
0.9177215189873418 0.06962025316455696 0.006329113924050633 0.006329113924050633 
0.9567901234567902 0.030864197530864196 0.006172839506172839 0.006172839506172839 
0.8417721518987342 0.056962025316455694 0.0949367088607595 0.006329113924050633 
0.7440476190476191 0.017857142857142856 0.22023809523809523 0.017857142857142856 
0.8766233766233766 0.01948051948051948 0.09740259740259741 0.006493506493506494 
0.9545454545454546 0.006493506493506494 0.032467532467532464 0.006493506493506494 
0.8910256410256411 0.04487179487179487 0.019230769230769232 0.04487179487179487 
0.9320987654320988 0.043209876543209874 0.018518518518518517 0.006172839506172839 
0.9695121951219512 0.018292682926829267 0.006097560975609756 0.006097560975609756 
0.8944444444444445 0.016666666666666666 0.08333333333333333 0.005555555555555556 
0.9097222222222222 0.0763888888888889 0.006944444444444444 0.006944444444444444 
0.88125 0.05625 0.05625 0.00625 
0.9121621621621622 0.060810810810810814 0.006756756756756757 0.02027027027027027 
0.9329268292682927 0.03048780487804878 0.018292682926829267 0.018292682926829267 
0.9825581395348837 0.005813953488372093 0.005813953488372093 0.005813953488372093 
0.8493975903614458 0.006024096385542169 0.13855421686746988 0.006024096385542169 
0.8116883116883117 0.045454545454545456 0.13636363636363635 0.006493506493506494 
0.8525641025641025 0.08333333333333333 0.04487179487179487 0.019230769230769232 
0.9155844155844156 0.006493506493506494 0.07142857142857142 0.006493506493506494 
0.9551282051282052 0.00641025641025641 0.03205128205128205 0.00641025641025641 
0.8058823529411765 0.0058823529411764705 0.18235294117647058 0.0058823529411764705 
0.9819277108433735 0.006024096385542169 0.006024096385542169 0.006024096385542169 
0.9415584415584416 0.006493506493506494 0.045454545454545456 0.006493506493506494 
0.9011627906976745 0.005813953488372093 0.0872093023255814 0.005813953488372093 
0.8465909090909091 0.005681818181818182 0.14204545454545456 0.005681818181818182 
0.8896103896103896 0.05844155844155844 0.045454545454545456 0.006493506493506494 
0.9578313253012049 0.030120481927710843 0.006024096385542169 0.006024096385542169 
0.98 0.006666666666666667 0.006666666666666667 0.006666666666666667 
0.9671052631578947 0.006578947368421052 0.019736842105263157 0.006578947368421052 
0.9391891891891891 0.033783783783783786 0.006756756756756757 0.02027027027027027 
0.75625 0.05625 0.18125 0.00625 
0.7884615384615384 0.07051282051282051 0.1346153846153846 0.00641025641025641 
0.91875 0.05625 0.00625 0.01875 
0.9695121951219512 0.018292682926829267 0.006097560975609756 0.006097560975609756 
0.8636363636363636 0.12337662337662338 0.006493506493506494 0.006493506493506494 
0.9197530864197531 0.043209876543209874 0.018518518518518517 0.018518518518518517 
0.9791666666666666 0.006944444444444444 0.006944444444444444 0.006944444444444444 
0.9050632911392406 0.03164556962025317 0.056962025316455694 0.006329113924050633 
0.8950617283950617 0.018518518518518517 0.08024691358024691 0.006172839506172839 
0.9810126582278481 0.006329113924050633 0.006329113924050633 0.006329113924050633 
0.967948717948718 0.00641025641025641 0.00641025641025641 0.019230769230769232 
0.8819444444444444 0.04861111111111111 0.0625 0.006944444444444444 
0.8851351351351351 0.02027027027027027 0.08783783783783784 0.006756756756756757 
0.9013157894736842 0.05921052631578947 0.03289473684210526 0.006578947368421052 
0.8092105263157895 0.09868421052631579 0.08552631578947369 0.006578947368421052 
0.9375 0.04861111111111111 0.006944444444444444 0.006944444444444444 
0.7289156626506024 0.030120481927710843 0.23493975903614459 0.006024096385542169 
0.9683544303797469 0.006329113924050633 0.0189873417721519 0.006329113924050633 
0.8766233766233766 0.09740259740259741 0.01948051948051948 0.006493506493506494 
0.06701030927835051 0.005154639175257732 0.9226804123711341 0.005154639175257732 
0.04639175257731959 0.005154639175257732 0.9123711340206185 0.03608247422680412 
0.08762886597938144 0.005154639175257732 0.8814432989690721 0.02577319587628866 
0.28061224489795916 0.00510204081632653 0.6785714285714286 0.03571428571428571 
0.10714285714285714 0.00510204081632653 0.8826530612244898 0.00510204081632653 
0.15656565656565657 0.005050505050505051 0.8131313131313131 0.025252525252525252 
0.17857142857142858 0.00510204081632653 0.8112244897959183 0.00510204081632653 
0.13917525773195877 0.005154639175257732 0.7989690721649485 0.05670103092783505 
0.07731958762886598 0.005154639175257732 0.9020618556701031 0.015463917525773196 
0.140625 0.005208333333333333 0.8489583333333334 0.005208333333333333 
0.10215053763440861 0.016129032258064516 0.8763440860215054 0.005376344086021506 
0.20707070707070707 0.025252525252525252 0.7626262626262627 0.005050505050505051 
0.17857142857142858 0.00510204081632653 0.7806122448979592 0.03571428571428571 
0.07653061224489796 0.015306122448979591 0.8826530612244898 0.025510204081632654 
0.20526315789473684 0.005263157894736842 0.7842105263157895 0.005263157894736842 
0.04639175257731959 0.005154639175257732 0.9432989690721649 0.005154639175257732 
0.057291666666666664 0.015625 0.921875 0.005208333333333333 
0.035 0.005 0.955 0.005 
0.17857142857142858 0.015306122448979591 0.7704081632653061 0.03571428571428571 
0.08854166666666667 0.005208333333333333 0.890625 0.015625 
0.06701030927835051 0.005154639175257732 0.9226804123711341 0.005154639175257732 
0.12234042553191489 0.005319148936170213 0.8457446808510638 0.026595744680851064 
0.015625 0.005208333333333333 0.9635416666666666 0.015625 
0.057291666666666664 0.005208333333333333 0.9322916666666666 0.005208333333333333 
0.175 0.005 0.775 0.045 
0.015625 0.005208333333333333 0.9739583333333334 0.005208333333333333 
0.03535353535353535 0.015151515151515152 0.9242424242424242 0.025252525252525252 
0.115 0.005 0.855 0.025 
0.265 0.025 0.695 0.015 
0.055 0.015 0.895 0.035 
0.026881720430107527 0.05913978494623656 0.9086021505376344 0.005376344086021506 
0.12755102040816327 0.00510204081632653 0.7908163265306123 0.07653061224489796 
0.00510204081632653 0.00510204081632653 0.9642857142857143 0.025510204081632654 
0.10714285714285714 0.00510204081632653 0.8826530612244898 0.00510204081632653 
0.09895833333333333 0.026041666666666668 0.8072916666666666 0.06770833333333333 
0.015306122448979591 0.00510204081632653 0.9744897959183674 0.00510204081632653 
0.11979166666666667 0.005208333333333333 0.8177083333333334 0.057291666666666664 
0.015957446808510637 0.026595744680851064 0.9414893617021277 0.015957446808510637 
0.026041666666666668 0.005208333333333333 0.9635416666666666 0.005208333333333333 
0.055 0.045 0.815 0.085 
0.20707070707070707 0.005050505050505051 0.7828282828282829 0.005050505050505051 
0.14361702127659576 0.005319148936170213 0.8351063829787234 0.015957446808510637 
0.046875 0.015625 0.9322916666666666 0.005208333333333333 
0.07653061224489796 0.025510204081632654 0.8928571428571429 0.00510204081632653 
0.18877551020408162 0.015306122448979591 0.7908163265306123 0.00510204081632653 
0.12105263157894737 0.005263157894736842 0.868421052631579 0.005263157894736842 
0.1736842105263158 0.005263157894736842 0.8157894736842105 0.005263157894736842 
0.171875 0.005208333333333333 0.796875 0.026041666666666668 
0.08854166666666667 0.005208333333333333 0.9010416666666666 0.005208333333333333 
0.211340206185567 0.005154639175257732 0.7783505154639175 0.005154639175257732 
0.017045454545454544 0.005681818181818182 0.017045454545454544 0.9602272727272727 
0.005555555555555556 0.005555555555555556 0.005555555555555556 0.9833333333333333 
0.005813953488372093 0.005813953488372093 0.005813953488372093 0.9825581395348837 
0.005681818181818182 0.017045454545454544 0.005681818181818182 0.9715909090909091 
0.005319148936170213 0.005319148936170213 0.005319148936170213 0.9840425531914894 
0.005952380952380952 0.005952380952380952 0.005952380952380952 0.9821428571428571 
0.0056179775280898875 0.0056179775280898875 0.03932584269662921 0.949438202247191 
0.005681818181818182 0.005681818181818182 0.017045454545454544 0.9715909090909091 
0.005747126436781609 0.005747126436781609 0.005747126436781609 0.9827586206896551 
0.06790123456790123 0.006172839506172839 0.006172839506172839 0.9197530864197531 
0.005555555555555556 0.005555555555555556 0.016666666666666666 0.9722222222222222 
0.005952380952380952 0.005952380952380952 0.005952380952380952 0.9821428571428571 
0.0058823529411764705 0.01764705882352941 0.0058823529411764705 0.9705882352941176 
0.005813953488372093 0.005813953488372093 0.005813953488372093 0.9825581395348837 
0.005681818181818182 0.005681818181818182 0.005681818181818182 0.9829545454545454 
0.017241379310344827 0.005747126436781609 0.017241379310344827 0.9597701149425287 
0.017241379310344827 0.005747126436781609 0.005747126436781609 0.9712643678160919 
0.016304347826086956 0.005434782608695652 0.005434782608695652 0.9728260869565217 
0.005319148936170213 0.005319148936170213 0.005319148936170213 0.9840425531914894 
0.01764705882352941 0.0058823529411764705 0.01764705882352941 0.9588235294117647 
0.005952380952380952 0.005952380952380952 0.07738095238095238 0.9107142857142857 
0.005494505494505495 0.005494505494505495 0.005494505494505495 0.9835164835164835 
0.0056179775280898875 0.0056179775280898875 0.016853932584269662 0.9719101123595506 
0.041176470588235294 0.0058823529411764705 0.01764705882352941 0.9352941176470588 
0.016853932584269662 0.0056179775280898875 0.0056179775280898875 0.9719101123595506 
0.005681818181818182 0.005681818181818182 0.005681818181818182 0.9829545454545454 
0.017241379310344827 0.017241379310344827 0.028735632183908046 0.9367816091954023 
0.029411764705882353 0.0058823529411764705 0.01764705882352941 0.9470588235294117 
0.005494505494505495 0.005494505494505495 0.005494505494505495 0.9835164835164835 
0.0056179775280898875 0.0056179775280898875 0.0056179775280898875 0.9831460674157303 
0.017045454545454544 0.017045454545454544 0.005681818181818182 0.9602272727272727 
0.018518518518518517 0.006172839506172839 0.006172839506172839 0.9691358024691358 
0.005494505494505495 0.005494505494505495 0.005494505494505495 0.9835164835164835 
0.005681818181818182 0.005681818181818182 0.005681818181818182 0.9829545454545454 
0.03932584269662921 0.0056179775280898875 0.06179775280898876 0.8932584269662921 
0.005681818181818182 0.005681818181818182 0.005681818181818182 0.9829545454545454 
0.006024096385542169 0.006024096385542169 0.006024096385542169 0.9819277108433735 
0.005681818181818182 0.028409090909090908 0.03977272727272727 0.9261363636363636 
0.01764705882352941 0.01764705882352941 0.0058823529411764705 0.9588235294117647 
0.005434782608695652 0.016304347826086956 0.016304347826086956 0.9619565217391305 
0.005813953488372093 0.005813953488372093 0.01744186046511628 0.9709302325581395 
0.006172839506172839 0.006172839506172839 0.006172839506172839 0.9814814814814815 
0.02976190476190476 0.005952380952380952 0.005952380952380952 0.9583333333333334 
0.006024096385542169 0.018072289156626505 0.006024096385542169 0.9698795180722891 
0.03804347826086957 0.005434782608695652 0.005434782608695652 0.9510869565217391 
0.006493506493506494 0.006493506493506494 0.006493506493506494 0.9805194805194806 
0.005747126436781609 0.005747126436781609 0.005747126436781609 0.9827586206896551 
0.005813953488372093 0.01744186046511628 0.005813953488372093 0.9709302325581395 
0.005434782608695652 0.005434782608695652 0.02717391304347826 0.9619565217391305 
0.005434782608695652 0.016304347826086956 0.005434782608695652 0.9728260869565217 
