0.005952380952380952 0.9702380952380952 0.005952380952380952 0.017857142857142856 
0.006172839506172839 0.9814814814814815 0.006172839506172839 0.006172839506172839 
0.006097560975609756 0.9695121951219512 0.018292682926829267 0.006097560975609756 
0.0189873417721519 0.9683544303797469 0.006329113924050633 0.006329113924050633 
0.00641025641025641 0.9807692307692307 0.00641025641025641 0.00641025641025641 
0.006172839506172839 0.9691358024691358 0.006172839506172839 0.018518518518518517 
0.00625 0.98125 0.00625 0.00625 
0.00684931506849315 0.9657534246575342 0.00684931506849315 0.02054794520547945 
0.006756756756756757 0.9391891891891891 0.033783783783783786 0.02027027027027027 
0.006578947368421052 0.9802631578947368 0.006578947368421052 0.006578947368421052 
0.00641025641025641 0.9807692307692307 0.00641025641025641 0.00641025641025641 
0.006024096385542169 0.9578313253012049 0.006024096385542169 0.030120481927710843 
0.020833333333333332 0.9652777777777778 0.006944444444444444 0.006944444444444444 
0.006329113924050633 0.9810126582278481 0.006329113924050633 0.006329113924050633 
0.02054794520547945 0.952054794520548 0.00684931506849315 0.02054794520547945 
0.006493506493506494 0.9805194805194806 0.006493506493506494 0.006493506493506494 
0.006329113924050633 0.9683544303797469 0.006329113924050633 0.0189873417721519 
0.0058823529411764705 0.9823529411764705 0.0058823529411764705 0.0058823529411764705 
0.019230769230769232 0.967948717948718 0.00641025641025641 0.00641025641025641 
0.006172839506172839 0.9567901234567902 0.018518518518518517 0.018518518518518517 
0.0058823529411764705 0.9823529411764705 0.0058823529411764705 0.0058823529411764705 
0.03333333333333333 0.9533333333333334 0.006666666666666667 0.006666666666666667 
0.0056179775280898875 0.9831460674157303 0.0056179775280898875 0.0056179775280898875 
0.041666666666666664 0.9464285714285714 0.005952380952380952 0.005952380952380952 
0.0058823529411764705 0.9823529411764705 0.0058823529411764705 0.0058823529411764705 
0.030864197530864196 0.9567901234567902 0.006172839506172839 0.006172839506172839 
0.006578947368421052 0.9671052631578947 0.006578947368421052 0.019736842105263157 
0.005952380952380952 0.9821428571428571 0.005952380952380952 0.005952380952380952 
0.006097560975609756 0.9695121951219512 0.018292682926829267 0.006097560975609756 
0.0058823529411764705 0.9823529411764705 0.0058823529411764705 0.0058823529411764705 
0.006493506493506494 0.9805194805194806 0.006493506493506494 0.006493506493506494 
0.027777777777777776 0.95 0.005555555555555556 0.016666666666666666 
0.00641025641025641 0.9551282051282052 0.00641025641025641 0.03205128205128205 
0.006097560975609756 0.9817073170731707 0.006097560975609756 0.006097560975609756 
0.02027027027027027 0.9662162162162162 0.006756756756756757 0.006756756756756757 
0.045454545454545456 0.9415584415584416 0.006493506493506494 0.006493506493506494 
0.006172839506172839 0.9691358024691358 0.018518518518518517 0.006172839506172839 
0.006666666666666667 0.98 0.006666666666666667 0.006666666666666667 
0.006097560975609756 0.9817073170731707 0.006097560975609756 0.006097560975609756 
0.00641025641025641 0.967948717948718 0.019230769230769232 0.00641025641025641 
0.006172839506172839 0.9814814814814815 0.006172839506172839 0.006172839506172839 
0.005319148936170213 0.9840425531914894 0.005319148936170213 0.005319148936170213 
0.006024096385542169 0.9698795180722891 0.018072289156626505 0.006024096385542169 
0.005813953488372093 0.9825581395348837 0.005813953488372093 0.005813953488372093 
0.006097560975609756 0.9695121951219512 0.006097560975609756 0.018292682926829267 
0.006493506493506494 0.9805194805194806 0.006493506493506494 0.006493506493506494 
0.006493506493506494 0.9805194805194806 0.006493506493506494 0.006493506493506494 
0.019230769230769232 0.967948717948718 0.00641025641025641 0.00641025641025641 
0.00625 0.98125 0.00625 0.00625 
0.006493506493506494 0.9805194805194806 0.006493506493506494 0.006493506493506494 
0.6474358974358975 0.07051282051282051 0.27564102564102566 0.00641025641025641 
0.9556962025316456 0.006329113924050633 0.03164556962025317 0.006329113924050633 
0.9074074074074074 0.030864197530864196 0.05555555555555555 0.006172839506172839 
0.9683544303797469 0.006329113924050633 0.0189873417721519 0.006329113924050633 
0.9821428571428571 0.005952380952380952 0.005952380952380952 0.005952380952380952 
0.8116883116883117 0.16233766233766234 0.01948051948051948 0.006493506493506494 
0.9025974025974026 0.05844155844155844 0.006493506493506494 0.032467532467532464 
0.967948717948718 0.019230769230769232 0.00641025641025641 0.00641025641025641 
0.9320987654320988 0.043209876543209874 0.018518518518518517 0.006172839506172839 
0.9451219512195121 0.042682926829268296 0.006097560975609756 0.006097560975609756 
0.9611111111111111 0.027777777777777776 0.005555555555555556 0.005555555555555556 
0.9097222222222222 0.034722222222222224 0.04861111111111111 0.006944444444444444 
0.89375 0.08125 0.00625 0.01875 
0.8445945945945946 0.006756756756756757 0.12837837837837837 0.02027027027027027 
0.8597560975609756 0.006097560975609756 0.11585365853658537 0.018292682926829267 
0.9593023255813954 0.01744186046511628 0.01744186046511628 0.005813953488372093 
0.7650602409638554 0.006024096385542169 0.22289156626506024 0.006024096385542169 
0.8116883116883117 0.08441558441558442 0.09740259740259741 0.006493506493506494 
0.8397435897435898 0.1346153846153846 0.019230769230769232 0.00641025641025641 
0.9025974025974026 0.006493506493506494 0.08441558441558442 0.006493506493506494 
0.9807692307692307 0.00641025641025641 0.00641025641025641 0.00641025641025641 
0.8764705882352941 0.052941176470588235 0.06470588235294118 0.0058823529411764705 
0.9819277108433735 0.006024096385542169 0.006024096385542169 0.006024096385542169 
0.6688311688311688 0.08441558441558442 0.21428571428571427 0.032467532467532464 
0.936046511627907 0.005813953488372093 0.05232558139534884 0.005813953488372093 
0.9034090909090909 0.005681818181818182 0.08522727272727272 0.005681818181818182 
0.9025974025974026 0.07142857142857142 0.01948051948051948 0.006493506493506494 
0.9819277108433735 0.006024096385542169 0.006024096385542169 0.006024096385542169 
0.94 0.006666666666666667 0.04666666666666667 0.006666666666666667 
0.8486842105263158 0.006578947368421052 0.13815789473684212 0.006578947368421052 
0.9256756756756757 0.0472972972972973 0.006756756756756757 0.02027027027027027 
0.76875 0.09375 0.13125 0.00625 
0.8525641025641025 0.057692307692307696 0.08333333333333333 0.00641025641025641 
0.95625 0.03125 0.00625 0.00625 
0.9451219512195121 0.03048780487804878 0.018292682926829267 0.006097560975609756 
0.8896103896103896 0.05844155844155844 0.045454545454545456 0.006493506493506494 
0.9444444444444444 0.030864197530864196 0.018518518518518517 0.006172839506172839 
0.9513888888888888 0.006944444444444444 0.020833333333333332 0.020833333333333332 
0.7911392405063291 0.0189873417721519 0.18354430379746836 0.006329113924050633 
0.9814814814814815 0.006172839506172839 0.006172839506172839 0.006172839506172839 
0.8164556962025317 0.03164556962025317 0.14556962025316456 0.006329113924050633 
0.8653846153846154 0.00641025641025641 0.12179487179487179 0.00641025641025641 
0.9375 0.04861111111111111 0.006944444444444444 0.006944444444444444 
0.8851351351351351 0.060810810810810814 0.0472972972972973 0.006756756756756757 
0.9802631578947368 0.006578947368421052 0.006578947368421052 0.006578947368421052 
0.9144736842105263 0.05921052631578947 0.019736842105263157 0.006578947368421052 
0.9791666666666666 0.006944444444444444 0.006944444444444444 0.006944444444444444 
0.7771084337349398 0.030120481927710843 0.18674698795180722 0.006024096385542169 
0.9683544303797469 0.0189873417721519 0.006329113924050633 0.006329113924050633 
0.7077922077922078 0.16233766233766234 0.12337662337662338 0.006493506493506494 
0.005154639175257732 0.005154639175257732 0.9742268041237113 0.015463917525773196 
0.03608247422680412 0.02577319587628866 0.9226804123711341 0.015463917525773196 
0.08762886597938144 0.015463917525773196 0.8402061855670103 0.05670103092783505 
0.20918367346938777 0.00510204081632653 0.7704081632653061 0.015306122448979591 
0.05612244897959184 0.00510204081632653 0.9336734693877551 0.00510204081632653 
0.03535353535353535 0.025252525252525252 0.8737373737373737 0.06565656565656566 
0.015306122448979591 0.00510204081632653 0.9336734693877551 0.04591836734693878 
0.11855670103092783 0.005154639175257732 0.7783505154639175 0.0979381443298969 
0.211340206185567 0.005154639175257732 0.7680412371134021 0.015463917525773196 
0.18229166666666666 0.005208333333333333 0.7864583333333334 0.026041666666666668 
0.026881720430107527 0.005376344086021506 0.9623655913978495 0.005376344086021506 
0.25757575757575757 0.005050505050505051 0.7323232323232324 0.005050505050505051 
0.08673469387755102 0.00510204081632653 0.9030612244897959 0.00510204081632653 
0.11734693877551021 0.00510204081632653 0.8724489795918368 0.00510204081632653 
0.18421052631578946 0.015789473684210527 0.7631578947368421 0.03684210526315789 
0.03608247422680412 0.005154639175257732 0.9536082474226805 0.005154639175257732 
0.015625 0.005208333333333333 0.9427083333333334 0.036458333333333336 
0.005 0.015 0.905 0.075 
0.09693877551020408 0.00510204081632653 0.8724489795918368 0.025510204081632654 
0.005208333333333333 0.005208333333333333 0.984375 0.005208333333333333 
0.05670103092783505 0.005154639175257732 0.9226804123711341 0.015463917525773196 
0.11170212765957446 0.026595744680851064 0.7712765957446809 0.09042553191489362 
0.036458333333333336 0.005208333333333333 0.9322916666666666 0.026041666666666668 
0.13020833333333334 0.005208333333333333 0.859375 0.005208333333333333 
0.155 0.005 0.755 0.085 
0.057291666666666664 0.005208333333333333 0.9322916666666666 0.005208333333333333 
0.15656565656565657 0.005050505050505051 0.8131313131313131 0.025252525252525252 
0.185 0.005 0.755 0.055 
0.185 0.005 0.765 0.045 
0.095 0.005 0.865 0.035 
0.14516129032258066 0.005376344086021506 0.8333333333333334 0.016129032258064516 
0.05612244897959184 0.00510204081632653 0.8622448979591837 0.07653061224489796 
0.03571428571428571 0.00510204081632653 0.9132653061224489 0.04591836734693878 
0.015306122448979591 0.00510204081632653 0.9744897959183674 0.00510204081632653 
0.057291666666666664 0.026041666666666668 0.8697916666666666 0.046875 
0.09693877551020408 0.00510204081632653 0.8928571428571429 0.00510204081632653 
0.078125 0.005208333333333333 0.859375 0.057291666666666664 
0.005319148936170213 0.047872340425531915 0.9414893617021277 0.005319148936170213 
0.036458333333333336 0.005208333333333333 0.9427083333333334 0.015625 
0.075 0.035 0.755 0.135 
0.06565656565656566 0.005050505050505051 0.9141414141414141 0.015151515151515152 
0.2393617021276596 0.005319148936170213 0.75 0.005319148936170213 
0.015625 0.005208333333333333 0.953125 0.026041666666666668 
0.08673469387755102 0.015306122448979591 0.8928571428571429 0.00510204081632653 
0.22959183673469388 0.00510204081632653 0.7602040816326531 0.00510204081632653 
0.1 0.005263157894736842 0.868421052631579 0.02631578947368421 
0.21578947368421053 0.005263157894736842 0.7526315789473684 0.02631578947368421 
0.3802083333333333 0.005208333333333333 0.5885416666666666 0.026041666666666668 
0.15104166666666666 0.005208333333333333 0.8385416666666666 0.005208333333333333 
0.18041237113402062 0.005154639175257732 0.7989690721649485 0.015463917525773196 
0.005681818181818182 0.017045454545454544 0.005681818181818182 0.9715909090909091 
0.005555555555555556 0.005555555555555556 0.005555555555555556 0.9833333333333333 
0.005813953488372093 0.005813953488372093 0.029069767441860465 0.9593023255813954 
0.005681818181818182 0.017045454545454544 0.005681818181818182 0.9715909090909091 
0.005319148936170213 0.015957446808510637 0.015957446808510637 0.9627659574468085 
0.005952380952380952 0.005952380952380952 0.05357142857142857 0.9345238095238095 
0.016853932584269662 0.0056179775280898875 0.0056179775280898875 0.9719101123595506 
0.017045454545454544 0.005681818181818182 0.017045454545454544 0.9602272727272727 
0.005747126436781609 0.005747126436781609 0.017241379310344827 0.9712643678160919 
0.006172839506172839 0.006172839506172839 0.006172839506172839 0.9814814814814815 
0.005555555555555556 0.005555555555555556 0.005555555555555556 0.9833333333333333 
0.005952380952380952 0.005952380952380952 0.005952380952380952 0.9821428571428571 
0.0058823529411764705 0.0058823529411764705 0.0058823529411764705 0.9823529411764705 
0.005813953488372093 0.005813953488372093 0.005813953488372093 0.9825581395348837 
0.03977272727272727 0.005681818181818182 0.017045454545454544 0.9375 
0.005747126436781609 0.005747126436781609 0.05172413793103448 0.9367816091954023 
0.017241379310344827 0.005747126436781609 0.017241379310344827 0.9597701149425287 
0.005434782608695652 0.005434782608695652 0.02717391304347826 0.9619565217391305 
0.005319148936170213 0.005319148936170213 0.005319148936170213 0.9840425531914894 
0.0058823529411764705 0.0058823529411764705 0.0058823529411764705 0.9823529411764705 
0.005952380952380952 0.017857142857142856 0.02976190476190476 0.9464285714285714 
0.005494505494505495 0.005494505494505495 0.027472527472527472 0.9615384615384616 
0.016853932584269662 0.0056179775280898875 0.016853932584269662 0.9606741573033708 
0.0058823529411764705 0.0058823529411764705 0.01764705882352941 0.9705882352941176 
0.0056179775280898875 0.0056179775280898875 0.03932584269662921 0.949438202247191 
0.005681818181818182 0.005681818181818182 0.005681818181818182 0.9829545454545454 
0.06321839080459771 0.005747126436781609 0.005747126436781609 0.9252873563218391 
0.0058823529411764705 0.0058823529411764705 0.0058823529411764705 0.9823529411764705 
0.016483516483516484 0.005494505494505495 0.016483516483516484 0.9615384615384616 
0.0056179775280898875 0.0056179775280898875 0.0056179775280898875 0.9831460674157303 
0.005681818181818182 0.005681818181818182 0.005681818181818182 0.9829545454545454 
0.006172839506172839 0.006172839506172839 0.006172839506172839 0.9814814814814815 
0.027472527472527472 0.005494505494505495 0.016483516483516484 0.9505494505494505 
0.005681818181818182 0.005681818181818182 0.005681818181818182 0.9829545454545454 
0.028089887640449437 0.0056179775280898875 0.06179775280898876 0.9044943820224719 
0.005681818181818182 0.005681818181818182 0.005681818181818182 0.9829545454545454 
0.006024096385542169 0.018072289156626505 0.030120481927710843 0.9457831325301205 
0.005681818181818182 0.005681818181818182 0.005681818181818182 0.9829545454545454 
0.0058823529411764705 0.01764705882352941 0.0058823529411764705 0.9705882352941176 
0.016304347826086956 0.005434782608695652 0.005434782608695652 0.9728260869565217 
0.005813953488372093 0.005813953488372093 0.01744186046511628 0.9709302325581395 
0.006172839506172839 0.006172839506172839 0.006172839506172839 0.9814814814814815 
0.005952380952380952 0.005952380952380952 0.005952380952380952 0.9821428571428571 
0.006024096385542169 0.006024096385542169 0.006024096385542169 0.9819277108433735 
0.03804347826086957 0.005434782608695652 0.005434782608695652 0.9510869565217391 
0.006493506493506494 0.006493506493506494 0.006493506493506494 0.9805194805194806 
0.005747126436781609 0.005747126436781609 0.005747126436781609 0.9827586206896551 
0.05232558139534884 0.005813953488372093 0.005813953488372093 0.936046511627907 
0.005434782608695652 0.005434782608695652 0.005434782608695652 0.9836956521739131 
0.005434782608695652 0.016304347826086956 0.016304347826086956 0.9619565217391305 
