0.005952380952380952 0.9702380952380952 0.005952380952380952 0.017857142857142856 
0.006172839506172839 0.9814814814814815 0.006172839506172839 0.006172839506172839 
0.03048780487804878 0.9573170731707317 0.006097560975609756 0.006097560975609756 
0.006329113924050633 0.9810126582278481 0.006329113924050633 0.006329113924050633 
0.00641025641025641 0.9807692307692307 0.00641025641025641 0.00641025641025641 
0.018518518518518517 0.9691358024691358 0.006172839506172839 0.006172839506172839 
0.00625 0.96875 0.00625 0.01875 
0.00684931506849315 0.9657534246575342 0.00684931506849315 0.02054794520547945 
0.006756756756756757 0.9797297297297297 0.006756756756756757 0.006756756756756757 
0.006578947368421052 0.9802631578947368 0.006578947368421052 0.006578947368421052 
0.019230769230769232 0.967948717948718 0.00641025641025641 0.00641025641025641 
0.006024096385542169 0.9819277108433735 0.006024096385542169 0.006024096385542169 
0.006944444444444444 0.9652777777777778 0.006944444444444444 0.020833333333333332 
0.006329113924050633 0.9810126582278481 0.006329113924050633 0.006329113924050633 
0.00684931506849315 0.9794520547945206 0.00684931506849315 0.00684931506849315 
0.006493506493506494 0.9805194805194806 0.006493506493506494 0.006493506493506494 
0.006329113924050633 0.9810126582278481 0.006329113924050633 0.006329113924050633 
0.01764705882352941 0.9705882352941176 0.0058823529411764705 0.0058823529411764705 
0.019230769230769232 0.967948717948718 0.00641025641025641 0.00641025641025641 
0.006172839506172839 0.9814814814814815 0.006172839506172839 0.006172839506172839 
0.0058823529411764705 0.9588235294117647 0.029411764705882353 0.0058823529411764705 
0.03333333333333333 0.9533333333333334 0.006666666666666667 0.006666666666666667 
0.0056179775280898875 0.9831460674157303 0.0056179775280898875 0.0056179775280898875 
0.02976190476190476 0.9583333333333334 0.005952380952380952 0.005952380952380952 
0.0058823529411764705 0.9823529411764705 0.0058823529411764705 0.0058823529411764705 
0.006172839506172839 0.9814814814814815 0.006172839506172839 0.006172839506172839 
0.019736842105263157 0.9671052631578947 0.006578947368421052 0.006578947368421052 
0.005952380952380952 0.9821428571428571 0.005952380952380952 0.005952380952380952 
0.006097560975609756 0.9817073170731707 0.006097560975609756 0.006097560975609756 
0.0058823529411764705 0.9823529411764705 0.0058823529411764705 0.0058823529411764705 
0.006493506493506494 0.9805194805194806 0.006493506493506494 0.006493506493506494 
0.027777777777777776 0.95 0.016666666666666666 0.005555555555555556 
0.00641025641025641 0.967948717948718 0.00641025641025641 0.019230769230769232 
0.006097560975609756 0.9573170731707317 0.006097560975609756 0.03048780487804878 
0.006756756756756757 0.9797297297297297 0.006756756756756757 0.006756756756756757 
0.006493506493506494 0.9805194805194806 0.006493506493506494 0.006493506493506494 
0.006172839506172839 0.9814814814814815 0.006172839506172839 0.006172839506172839 
0.006666666666666667 0.98 0.006666666666666667 0.006666666666666667 
0.006097560975609756 0.9817073170731707 0.006097560975609756 0.006097560975609756 
0.00641025641025641 0.967948717948718 0.00641025641025641 0.019230769230769232 
0.006172839506172839 0.9814814814814815 0.006172839506172839 0.006172839506172839 
0.005319148936170213 0.9840425531914894 0.005319148936170213 0.005319148936170213 
0.006024096385542169 0.9819277108433735 0.006024096385542169 0.006024096385542169 
0.01744186046511628 0.9709302325581395 0.005813953488372093 0.005813953488372093 
0.006097560975609756 0.9817073170731707 0.006097560975609756 0.006097560975609756 
0.01948051948051948 0.9675324675324676 0.006493506493506494 0.006493506493506494 
0.006493506493506494 0.9805194805194806 0.006493506493506494 0.006493506493506494 
0.019230769230769232 0.967948717948718 0.00641025641025641 0.00641025641025641 
0.00625 0.98125 0.00625 0.00625 
0.006493506493506494 0.9675324675324676 0.01948051948051948 0.006493506493506494 
0.6474358974358975 0.07051282051282051 0.27564102564102566 0.00641025641025641 
0.7658227848101266 0.08227848101265822 0.14556962025316456 0.006329113924050633 
0.9567901234567902 0.030864197530864196 0.006172839506172839 0.006172839506172839 
0.8291139240506329 0.06962025316455696 0.0949367088607595 0.006329113924050633 
0.8273809523809523 0.017857142857142856 0.1488095238095238 0.005952380952380952 
0.8896103896103896 0.09740259740259741 0.006493506493506494 0.006493506493506494 
0.8636363636363636 0.05844155844155844 0.07142857142857142 0.006493506493506494 
0.6730769230769231 0.08333333333333333 0.23717948717948717 0.00641025641025641 
0.9691358024691358 0.006172839506172839 0.018518518518518517 0.006172839506172839 
0.9207317073170732 0.06707317073170732 0.006097560975609756 0.006097560975609756 
0.9277777777777778 0.06111111111111111 0.005555555555555556 0.005555555555555556 
0.9097222222222222 0.020833333333333332 0.0625 0.006944444444444444 
0.88125 0.06875 0.04375 0.00625 
0.9391891891891891 0.02027027027027027 0.02027027027027027 0.02027027027027027 
0.8841463414634146 0.03048780487804878 0.054878048780487805 0.03048780487804878 
0.9476744186046512 0.005813953488372093 0.040697674418604654 0.005813953488372093 
0.7048192771084337 0.05421686746987952 0.23493975903614459 0.006024096385542169 
0.8766233766233766 0.05844155844155844 0.05844155844155844 0.006493506493506494 
0.7756410256410257 0.09615384615384616 0.10897435897435898 0.019230769230769232 
0.8506493506493507 0.006493506493506494 0.13636363636363635 0.006493506493506494 
0.8269230769230769 0.019230769230769232 0.14743589743589744 0.00641025641025641 
0.7352941176470589 0.06470588235294118 0.19411764705882353 0.0058823529411764705 
0.9698795180722891 0.018072289156626505 0.006024096385542169 0.006024096385542169 
0.7597402597402597 0.05844155844155844 0.17532467532467533 0.006493506493506494 
0.9244186046511628 0.01744186046511628 0.05232558139534884 0.005813953488372093 
0.8125 0.005681818181818182 0.17613636363636365 0.005681818181818182 
0.8896103896103896 0.07142857142857142 0.01948051948051948 0.01948051948051948 
0.9457831325301205 0.030120481927710843 0.006024096385542169 0.018072289156626505 
0.98 0.006666666666666667 0.006666666666666667 0.006666666666666667 
0.9802631578947368 0.006578947368421052 0.006578947368421052 0.006578947368421052 
0.9797297297297297 0.006756756756756757 0.006756756756756757 0.006756756756756757 
0.54375 0.08125 0.36875 0.00625 
0.9166666666666666 0.04487179487179487 0.03205128205128205 0.00641025641025641 
0.89375 0.08125 0.01875 0.00625 
0.9329268292682927 0.006097560975609756 0.042682926829268296 0.018292682926829267 
0.7857142857142857 0.17532467532467533 0.032467532467532464 0.006493506493506494 
0.9320987654320988 0.006172839506172839 0.05555555555555555 0.006172839506172839 
0.9652777777777778 0.006944444444444444 0.006944444444444444 0.020833333333333332 
0.9430379746835443 0.04430379746835443 0.006329113924050633 0.006329113924050633 
0.9197530864197531 0.006172839506172839 0.06790123456790123 0.006172839506172839 
0.9430379746835443 0.04430379746835443 0.006329113924050633 0.006329113924050633 
0.8525641025641025 0.019230769230769232 0.12179487179487179 0.00641025641025641 
0.9236111111111112 0.0625 0.006944444444444444 0.006944444444444444 
0.9662162162162162 0.02027027027027027 0.006756756756756757 0.006756756756756757 
0.9144736842105263 0.05921052631578947 0.019736842105263157 0.006578947368421052 
0.8092105263157895 0.08552631578947369 0.09868421052631579 0.006578947368421052 
0.9652777777777778 0.020833333333333332 0.006944444444444444 0.006944444444444444 
0.572289156626506 0.04216867469879518 0.35542168674698793 0.030120481927710843 
0.8924050632911392 0.006329113924050633 0.0949367088607595 0.006329113924050633 
0.8506493506493507 0.09740259740259741 0.045454545454545456 0.006493506493506494 
0.005154639175257732 0.005154639175257732 0.9845360824742269 0.005154639175257732 
0.07731958762886598 0.005154639175257732 0.9123711340206185 0.005154639175257732 
0.04639175257731959 0.005154639175257732 0.9432989690721649 0.005154639175257732 
0.10714285714285714 0.00510204081632653 0.8418367346938775 0.04591836734693878 
0.15816326530612246 0.00510204081632653 0.8316326530612245 0.00510204081632653 
0.11616161616161616 0.005050505050505051 0.8131313131313131 0.06565656565656566 
0.15816326530612246 0.015306122448979591 0.8214285714285714 0.00510204081632653 
0.0979381443298969 0.02577319587628866 0.8298969072164949 0.04639175257731959 
0.07731958762886598 0.04639175257731959 0.8711340206185567 0.005154639175257732 
0.09895833333333333 0.015625 0.859375 0.026041666666666668 
0.005376344086021506 0.005376344086021506 0.9731182795698925 0.016129032258064516 
0.09595959595959595 0.045454545454545456 0.8434343434343434 0.015151515151515152 
0.07653061224489796 0.00510204081632653 0.9132653061224489 0.00510204081632653 
0.1377551020408163 0.00510204081632653 0.8520408163265306 0.00510204081632653 
0.04736842105263158 0.005263157894736842 0.8789473684210526 0.06842105263157895 
0.015463917525773196 0.005154639175257732 0.9639175257731959 0.015463917525773196 
0.005208333333333333 0.005208333333333333 0.9635416666666666 0.026041666666666668 
0.045 0.005 0.945 0.005 
0.08673469387755102 0.025510204081632654 0.8826530612244898 0.00510204081632653 
0.026041666666666668 0.005208333333333333 0.9635416666666666 0.005208333333333333 
0.005154639175257732 0.005154639175257732 0.9845360824742269 0.005154639175257732 
0.05851063829787234 0.005319148936170213 0.8138297872340425 0.12234042553191489 
0.005208333333333333 0.005208333333333333 0.9739583333333334 0.015625 
0.005208333333333333 0.005208333333333333 0.984375 0.005208333333333333 
0.235 0.005 0.695 0.065 
0.036458333333333336 0.005208333333333333 0.9427083333333334 0.015625 
0.005050505050505051 0.015151515151515152 0.9646464646464646 0.015151515151515152 
0.055 0.005 0.915 0.025 
0.245 0.015 0.665 0.075 
0.105 0.005 0.865 0.025 
0.03763440860215054 0.03763440860215054 0.9086021505376344 0.016129032258064516 
0.025510204081632654 0.00510204081632653 0.9438775510204082 0.025510204081632654 
0.14795918367346939 0.015306122448979591 0.8010204081632653 0.03571428571428571 
0.1683673469387755 0.00510204081632653 0.8112244897959183 0.015306122448979591 
0.06770833333333333 0.026041666666666668 0.8802083333333334 0.026041666666666668 
0.09693877551020408 0.00510204081632653 0.8928571428571429 0.00510204081632653 
0.057291666666666664 0.005208333333333333 0.890625 0.046875 
0.026595744680851064 0.015957446808510637 0.9521276595744681 0.005319148936170213 
0.026041666666666668 0.005208333333333333 0.9635416666666666 0.005208333333333333 
0.055 0.005 0.845 0.095 
0.05555555555555555 0.005050505050505051 0.9343434343434344 0.005050505050505051 
0.17553191489361702 0.005319148936170213 0.8031914893617021 0.015957446808510637 
0.005208333333333333 0.005208333333333333 0.9739583333333334 0.015625 
0.015306122448979591 0.00510204081632653 0.9540816326530612 0.025510204081632654 
0.2193877551020408 0.00510204081632653 0.7704081632653061 0.00510204081632653 
0.24736842105263157 0.005263157894736842 0.7421052631578947 0.005263157894736842 
0.15263157894736842 0.015789473684210527 0.8052631578947368 0.02631578947368421 
0.2864583333333333 0.015625 0.5885416666666666 0.109375 
0.11979166666666667 0.005208333333333333 0.8697916666666666 0.005208333333333333 
0.12886597938144329 0.005154639175257732 0.8505154639175257 0.015463917525773196 
0.017045454545454544 0.005681818181818182 0.005681818181818182 0.9715909090909091 
0.005555555555555556 0.005555555555555556 0.005555555555555556 0.9833333333333333 
0.01744186046511628 0.005813953488372093 0.005813953488372093 0.9709302325581395 
0.03977272727272727 0.005681818181818182 0.017045454545454544 0.9375 
0.005319148936170213 0.005319148936170213 0.015957446808510637 0.973404255319149 
0.02976190476190476 0.005952380952380952 0.005952380952380952 0.9583333333333334 
0.0056179775280898875 0.0056179775280898875 0.016853932584269662 0.9719101123595506 
0.005681818181818182 0.005681818181818182 0.005681818181818182 0.9829545454545454 
0.005747126436781609 0.040229885057471264 0.005747126436781609 0.9482758620689655 
0.018518518518518517 0.018518518518518517 0.006172839506172839 0.9567901234567902 
0.016666666666666666 0.016666666666666666 0.016666666666666666 0.95 
0.005952380952380952 0.005952380952380952 0.005952380952380952 0.9821428571428571 
0.0058823529411764705 0.0058823529411764705 0.01764705882352941 0.9705882352941176 
0.005813953488372093 0.005813953488372093 0.005813953488372093 0.9825581395348837 
0.028409090909090908 0.017045454545454544 0.017045454545454544 0.9375 
0.005747126436781609 0.017241379310344827 0.05172413793103448 0.9252873563218391 
0.005747126436781609 0.005747126436781609 0.005747126436781609 0.9827586206896551 
0.016304347826086956 0.005434782608695652 0.016304347826086956 0.9619565217391305 
0.015957446808510637 0.005319148936170213 0.005319148936170213 0.973404255319149 
0.0058823529411764705 0.0058823529411764705 0.0058823529411764705 0.9823529411764705 
0.005952380952380952 0.005952380952380952 0.05357142857142857 0.9345238095238095 
0.016483516483516484 0.005494505494505495 0.005494505494505495 0.9725274725274725 
0.028089887640449437 0.0056179775280898875 0.0056179775280898875 0.9606741573033708 
0.029411764705882353 0.01764705882352941 0.0058823529411764705 0.9470588235294117 
0.016853932584269662 0.0056179775280898875 0.0056179775280898875 0.9719101123595506 
0.005681818181818182 0.005681818181818182 0.005681818181818182 0.9829545454545454 
0.028735632183908046 0.005747126436781609 0.040229885057471264 0.9252873563218391 
0.0058823529411764705 0.0058823529411764705 0.01764705882352941 0.9705882352941176 
0.005494505494505495 0.005494505494505495 0.005494505494505495 0.9835164835164835 
0.016853932584269662 0.0056179775280898875 0.016853932584269662 0.9606741573033708 
0.005681818181818182 0.005681818181818182 0.017045454545454544 0.9715909090909091 
0.006172839506172839 0.006172839506172839 0.006172839506172839 0.9814814814814815 
0.016483516483516484 0.016483516483516484 0.005494505494505495 0.9615384615384616 
0.005681818181818182 0.005681818181818182 0.005681818181818182 0.9829545454545454 
0.0056179775280898875 0.0056179775280898875 0.05056179775280899 0.9382022471910112 
0.005681818181818182 0.028409090909090908 0.005681818181818182 0.9602272727272727 
0.018072289156626505 0.006024096385542169 0.018072289156626505 0.9578313253012049 
0.005681818181818182 0.005681818181818182 0.005681818181818182 0.9829545454545454 
0.029411764705882353 0.0058823529411764705 0.041176470588235294 0.9235294117647059 
0.005434782608695652 0.016304347826086956 0.005434782608695652 0.9728260869565217 
0.005813953488372093 0.005813953488372093 0.005813953488372093 0.9825581395348837 
0.006172839506172839 0.006172839506172839 0.006172839506172839 0.9814814814814815 
0.005952380952380952 0.005952380952380952 0.005952380952380952 0.9821428571428571 
0.006024096385542169 0.006024096385542169 0.006024096385542169 0.9819277108433735 
0.005434782608695652 0.005434782608695652 0.02717391304347826 0.9619565217391305 
0.006493506493506494 0.01948051948051948 0.006493506493506494 0.9675324675324676 
0.017241379310344827 0.005747126436781609 0.005747126436781609 0.9712643678160919 
0.01744186046511628 0.005813953488372093 0.0755813953488372 0.9011627906976745 
0.005434782608695652 0.005434782608695652 0.005434782608695652 0.9836956521739131 
0.005434782608695652 0.005434782608695652 0.016304347826086956 0.9728260869565217 
