0.005952380952380952 0.9821428571428571 0.005952380952380952 0.005952380952380952 
0.006172839506172839 0.9814814814814815 0.006172839506172839 0.006172839506172839 
0.006097560975609756 0.9695121951219512 0.006097560975609756 0.018292682926829267 
0.03164556962025317 0.9556962025316456 0.006329113924050633 0.006329113924050633 
0.03205128205128205 0.9551282051282052 0.00641025641025641 0.00641025641025641 
0.006172839506172839 0.9814814814814815 0.006172839506172839 0.006172839506172839 
0.00625 0.98125 0.00625 0.00625 
0.00684931506849315 0.952054794520548 0.00684931506849315 0.03424657534246575 
0.02027027027027027 0.9662162162162162 0.006756756756756757 0.006756756756756757 
0.006578947368421052 0.9671052631578947 0.019736842105263157 0.006578947368421052 
0.00641025641025641 0.9551282051282052 0.00641025641025641 0.03205128205128205 
0.006024096385542169 0.9698795180722891 0.006024096385542169 0.018072289156626505 
0.020833333333333332 0.9652777777777778 0.006944444444444444 0.006944444444444444 
0.006329113924050633 0.9810126582278481 0.006329113924050633 0.006329113924050633 
0.00684931506849315 0.9657534246575342 0.00684931506849315 0.02054794520547945 
0.006493506493506494 0.9805194805194806 0.006493506493506494 0.006493506493506494 
0.006329113924050633 0.9810126582278481 0.006329113924050633 0.006329113924050633 
0.01764705882352941 0.9705882352941176 0.0058823529411764705 0.0058823529411764705 
0.00641025641025641 0.967948717948718 0.019230769230769232 0.00641025641025641 
0.018518518518518517 0.9691358024691358 0.006172839506172839 0.006172839506172839 
0.0058823529411764705 0.9823529411764705 0.0058823529411764705 0.0058823529411764705 
0.006666666666666667 0.98 0.006666666666666667 0.006666666666666667 
0.0056179775280898875 0.9831460674157303 0.0056179775280898875 0.0056179775280898875 
0.02976190476190476 0.9583333333333334 0.005952380952380952 0.005952380952380952 
0.0058823529411764705 0.9823529411764705 0.0058823529411764705 0.0058823529411764705 
0.006172839506172839 0.9814814814814815 0.006172839506172839 0.006172839506172839 
0.019736842105263157 0.9671052631578947 0.006578947368421052 0.006578947368421052 
0.017857142857142856 0.9702380952380952 0.005952380952380952 0.005952380952380952 
0.006097560975609756 0.9817073170731707 0.006097560975609756 0.006097560975609756 
0.0058823529411764705 0.9823529411764705 0.0058823529411764705 0.0058823529411764705 
0.01948051948051948 0.9675324675324676 0.006493506493506494 0.006493506493506494 
0.03888888888888889 0.95 0.005555555555555556 0.005555555555555556 
0.00641025641025641 0.967948717948718 0.00641025641025641 0.019230769230769232 
0.006097560975609756 0.9817073170731707 0.006097560975609756 0.006097560975609756 
0.02027027027027027 0.9527027027027027 0.02027027027027027 0.006756756756756757 
0.01948051948051948 0.9675324675324676 0.006493506493506494 0.006493506493506494 
0.006172839506172839 0.9691358024691358 0.006172839506172839 0.018518518518518517 
0.006666666666666667 0.98 0.006666666666666667 0.006666666666666667 
0.006097560975609756 0.9817073170731707 0.006097560975609756 0.006097560975609756 
0.00641025641025641 0.9807692307692307 0.00641025641025641 0.00641025641025641 
0.006172839506172839 0.9814814814814815 0.006172839506172839 0.006172839506172839 
0.005319148936170213 0.9840425531914894 0.005319148936170213 0.005319148936170213 
0.006024096385542169 0.9819277108433735 0.006024096385542169 0.006024096385542169 
0.005813953488372093 0.9825581395348837 0.005813953488372093 0.005813953488372093 
0.006097560975609756 0.9817073170731707 0.006097560975609756 0.006097560975609756 
0.006493506493506494 0.9805194805194806 0.006493506493506494 0.006493506493506494 
0.006493506493506494 0.9805194805194806 0.006493506493506494 0.006493506493506494 
0.00641025641025641 0.9807692307692307 0.00641025641025641 0.00641025641025641 
0.00625 0.98125 0.00625 0.00625 
0.006493506493506494 0.9805194805194806 0.006493506493506494 0.006493506493506494 
0.5961538461538461 0.09615384615384616 0.30128205128205127 0.00641025641025641 
0.9430379746835443 0.0189873417721519 0.03164556962025317 0.006329113924050633 
0.8703703703703703 0.06790123456790123 0.05555555555555555 0.006172839506172839 
0.879746835443038 0.10759493670886076 0.006329113924050633 0.006329113924050633 
0.9107142857142857 0.041666666666666664 0.041666666666666664 0.005952380952380952 
0.9285714285714286 0.05844155844155844 0.006493506493506494 0.006493506493506494 
0.8896103896103896 0.08441558441558442 0.01948051948051948 0.006493506493506494 
0.7884615384615384 0.14743589743589744 0.057692307692307696 0.00641025641025641 
0.8827160493827161 0.09259259259259259 0.006172839506172839 0.018518518518518517 
0.9207317073170732 0.018292682926829267 0.054878048780487805 0.006097560975609756 
0.9277777777777778 0.05 0.016666666666666666 0.005555555555555556 
0.8680555555555556 0.0625 0.04861111111111111 0.020833333333333332 
0.88125 0.06875 0.04375 0.00625 
0.9797297297297297 0.006756756756756757 0.006756756756756757 0.006756756756756757 
0.8719512195121951 0.042682926829268296 0.06707317073170732 0.018292682926829267 
0.8197674418604651 0.09883720930232558 0.0755813953488372 0.005813953488372093 
0.6204819277108434 0.05421686746987952 0.3192771084337349 0.006024096385542169 
0.6948051948051948 0.045454545454545456 0.2532467532467532 0.006493506493506494 
0.75 0.08333333333333333 0.16025641025641027 0.00641025641025641 
0.9805194805194806 0.006493506493506494 0.006493506493506494 0.006493506493506494 
0.9166666666666666 0.07051282051282051 0.00641025641025641 0.00641025641025641 
0.8411764705882353 0.06470588235294118 0.08823529411764706 0.0058823529411764705 
0.9819277108433735 0.006024096385542169 0.006024096385542169 0.006024096385542169 
0.7987012987012987 0.13636363636363635 0.05844155844155844 0.006493506493506494 
0.9476744186046512 0.005813953488372093 0.040697674418604654 0.005813953488372093 
0.8693181818181818 0.028409090909090908 0.08522727272727272 0.017045454545454544 
0.9545454545454546 0.032467532467532464 0.006493506493506494 0.006493506493506494 
0.9096385542168675 0.04216867469879518 0.04216867469879518 0.006024096385542169 
0.9666666666666667 0.006666666666666667 0.006666666666666667 0.02 
0.9276315789473685 0.019736842105263157 0.046052631578947366 0.006578947368421052 
0.8716216216216216 0.060810810810810814 0.060810810810810814 0.006756756756756757 
0.80625 0.06875 0.09375 0.03125 
0.7884615384615384 0.1346153846153846 0.07051282051282051 0.00641025641025641 
0.90625 0.06875 0.00625 0.01875 
0.9329268292682927 0.006097560975609756 0.054878048780487805 0.006097560975609756 
0.7857142857142857 0.18831168831168832 0.006493506493506494 0.01948051948051948 
0.9444444444444444 0.018518518518518517 0.030864197530864196 0.006172839506172839 
0.7013888888888888 0.020833333333333332 0.2708333333333333 0.006944444444444444 
0.7911392405063291 0.06962025316455696 0.13291139240506328 0.006329113924050633 
0.808641975308642 0.006172839506172839 0.17901234567901234 0.006172839506172839 
0.8544303797468354 0.08227848101265822 0.056962025316455694 0.006329113924050633 
0.8910256410256411 0.08333333333333333 0.019230769230769232 0.00641025641025641 
0.9097222222222222 0.04861111111111111 0.034722222222222224 0.006944444444444444 
0.6959459459459459 0.2635135135135135 0.033783783783783786 0.006756756756756757 
0.9671052631578947 0.019736842105263157 0.006578947368421052 0.006578947368421052 
0.875 0.05921052631578947 0.05921052631578947 0.006578947368421052 
0.9375 0.04861111111111111 0.006944444444444444 0.006944444444444444 
0.8132530120481928 0.030120481927710843 0.15060240963855423 0.006024096385542169 
0.9430379746835443 0.0189873417721519 0.03164556962025317 0.006329113924050633 
0.7337662337662337 0.13636363636363635 0.12337662337662338 0.006493506493506494 
0.03608247422680412 0.005154639175257732 0.9536082474226805 0.005154639175257732 
0.005154639175257732 0.005154639175257732 0.9845360824742269 0.005154639175257732 
0.015463917525773196 0.005154639175257732 0.9742268041237113 0.005154639175257732 
0.14795918367346939 0.015306122448979591 0.7602040816326531 0.07653061224489796 
0.05612244897959184 0.00510204081632653 0.923469387755102 0.015306122448979591 
0.20707070707070707 0.015151515151515152 0.7424242424242424 0.03535353535353535 
0.1683673469387755 0.00510204081632653 0.8112244897959183 0.015306122448979591 
0.17010309278350516 0.005154639175257732 0.7989690721649485 0.02577319587628866 
0.18041237113402062 0.005154639175257732 0.8092783505154639 0.005154639175257732 
0.15104166666666666 0.005208333333333333 0.8385416666666666 0.005208333333333333 
0.27419354838709675 0.005376344086021506 0.7043010752688172 0.016129032258064516 
0.14646464646464646 0.005050505050505051 0.8434343434343434 0.005050505050505051 
0.18877551020408162 0.00510204081632653 0.7908163265306123 0.015306122448979591 
0.1989795918367347 0.00510204081632653 0.7704081632653061 0.025510204081632654 
0.015789473684210527 0.015789473684210527 0.9315789473684211 0.03684210526315789 
0.005154639175257732 0.005154639175257732 0.9845360824742269 0.005154639175257732 
0.036458333333333336 0.005208333333333333 0.9427083333333334 0.015625 
0.045 0.005 0.935 0.015 
0.025510204081632654 0.025510204081632654 0.9438775510204082 0.00510204081632653 
0.005208333333333333 0.005208333333333333 0.890625 0.09895833333333333 
0.22164948453608246 0.005154639175257732 0.7680412371134021 0.005154639175257732 
0.11170212765957446 0.015957446808510637 0.8138297872340425 0.05851063829787234 
0.015625 0.005208333333333333 0.9739583333333334 0.005208333333333333 
0.026041666666666668 0.005208333333333333 0.9635416666666666 0.005208333333333333 
0.145 0.005 0.705 0.145 
0.005208333333333333 0.036458333333333336 0.9427083333333334 0.015625 
0.03535353535353535 0.015151515151515152 0.9343434343434344 0.015151515151515152 
0.085 0.005 0.905 0.005 
0.205 0.005 0.785 0.005 
0.095 0.015 0.865 0.025 
0.03763440860215054 0.04838709677419355 0.8978494623655914 0.016129032258064516 
0.0663265306122449 0.00510204081632653 0.8520408163265306 0.07653061224489796 
0.20918367346938777 0.00510204081632653 0.7397959183673469 0.04591836734693878 
0.1989795918367347 0.00510204081632653 0.7193877551020408 0.07653061224489796 
0.109375 0.005208333333333333 0.859375 0.026041666666666668 
0.00510204081632653 0.00510204081632653 0.9846938775510204 0.00510204081632653 
0.036458333333333336 0.026041666666666668 0.8697916666666666 0.06770833333333333 
0.14361702127659576 0.026595744680851064 0.7606382978723404 0.06914893617021277 
0.08854166666666667 0.005208333333333333 0.8802083333333334 0.026041666666666668 
0.015 0.045 0.875 0.065 
0.12626262626262627 0.005050505050505051 0.8636363636363636 0.005050505050505051 
0.047872340425531915 0.026595744680851064 0.9202127659574468 0.005319148936170213 
0.21354166666666666 0.005208333333333333 0.7760416666666666 0.005208333333333333 
0.12755102040816327 0.025510204081632654 0.8316326530612245 0.015306122448979591 
0.3622448979591837 0.00510204081632653 0.6071428571428571 0.025510204081632654 
0.22631578947368422 0.005263157894736842 0.7631578947368421 0.005263157894736842 
0.21578947368421053 0.005263157894736842 0.7631578947368421 0.015789473684210527 
0.3489583333333333 0.005208333333333333 0.609375 0.036458333333333336 
0.15104166666666666 0.005208333333333333 0.828125 0.015625 
0.23195876288659795 0.005154639175257732 0.7577319587628866 0.005154639175257732 
0.005681818181818182 0.017045454545454544 0.03977272727272727 0.9375 
0.005555555555555556 0.005555555555555556 0.005555555555555556 0.9833333333333333 
0.005813953488372093 0.005813953488372093 0.005813953488372093 0.9825581395348837 
0.017045454545454544 0.005681818181818182 0.005681818181818182 0.9715909090909091 
0.005319148936170213 0.005319148936170213 0.005319148936170213 0.9840425531914894 
0.02976190476190476 0.017857142857142856 0.005952380952380952 0.9464285714285714 
0.016853932584269662 0.016853932584269662 0.0056179775280898875 0.9606741573033708 
0.005681818181818182 0.005681818181818182 0.005681818181818182 0.9829545454545454 
0.017241379310344827 0.005747126436781609 0.040229885057471264 0.9367816091954023 
0.006172839506172839 0.006172839506172839 0.006172839506172839 0.9814814814814815 
0.027777777777777776 0.005555555555555556 0.016666666666666666 0.95 
0.005952380952380952 0.005952380952380952 0.005952380952380952 0.9821428571428571 
0.0058823529411764705 0.0058823529411764705 0.01764705882352941 0.9705882352941176 
0.005813953488372093 0.005813953488372093 0.01744186046511628 0.9709302325581395 
0.017045454545454544 0.005681818181818182 0.03977272727272727 0.9375 
0.028735632183908046 0.005747126436781609 0.005747126436781609 0.9597701149425287 
0.017241379310344827 0.005747126436781609 0.005747126436781609 0.9712643678160919 
0.005434782608695652 0.005434782608695652 0.005434782608695652 0.9836956521739131 
0.005319148936170213 0.005319148936170213 0.005319148936170213 0.9840425531914894 
0.0058823529411764705 0.0058823529411764705 0.029411764705882353 0.9588235294117647 
0.017857142857142856 0.005952380952380952 0.005952380952380952 0.9702380952380952 
0.005494505494505495 0.005494505494505495 0.005494505494505495 0.9835164835164835 
0.0056179775280898875 0.016853932584269662 0.0056179775280898875 0.9719101123595506 
0.0058823529411764705 0.0058823529411764705 0.0058823529411764705 0.9823529411764705 
0.0056179775280898875 0.0056179775280898875 0.028089887640449437 0.9606741573033708 
0.005681818181818182 0.005681818181818182 0.005681818181818182 0.9829545454545454 
0.005747126436781609 0.005747126436781609 0.028735632183908046 0.9597701149425287 
0.0058823529411764705 0.0058823529411764705 0.0058823529411764705 0.9823529411764705 
0.016483516483516484 0.005494505494505495 0.005494505494505495 0.9725274725274725 
0.03932584269662921 0.0056179775280898875 0.0056179775280898875 0.949438202247191 
0.005681818181818182 0.005681818181818182 0.005681818181818182 0.9829545454545454 
0.018518518518518517 0.006172839506172839 0.006172839506172839 0.9691358024691358 
0.005494505494505495 0.005494505494505495 0.038461538461538464 0.9505494505494505 
0.017045454545454544 0.005681818181818182 0.005681818181818182 0.9715909090909091 
0.016853932584269662 0.0056179775280898875 0.016853932584269662 0.9606741573033708 
0.005681818181818182 0.005681818181818182 0.005681818181818182 0.9829545454545454 
0.030120481927710843 0.006024096385542169 0.006024096385542169 0.9578313253012049 
0.005681818181818182 0.005681818181818182 0.017045454545454544 0.9715909090909091 
0.0058823529411764705 0.01764705882352941 0.041176470588235294 0.9352941176470588 
0.005434782608695652 0.005434782608695652 0.005434782608695652 0.9836956521739131 
0.005813953488372093 0.005813953488372093 0.01744186046511628 0.9709302325581395 
0.006172839506172839 0.018518518518518517 0.030864197530864196 0.9444444444444444 
0.005952380952380952 0.017857142857142856 0.005952380952380952 0.9702380952380952 
0.006024096385542169 0.006024096385542169 0.018072289156626505 0.9698795180722891 
0.005434782608695652 0.005434782608695652 0.005434782608695652 0.9836956521739131 
0.006493506493506494 0.006493506493506494 0.006493506493506494 0.9805194805194806 
0.005747126436781609 0.005747126436781609 0.005747126436781609 0.9827586206896551 
0.029069767441860465 0.005813953488372093 0.01744186046511628 0.9476744186046512 
0.005434782608695652 0.005434782608695652 0.005434782608695652 0.9836956521739131 
0.005434782608695652 0.005434782608695652 0.005434782608695652 0.9836956521739131 
