labels 3 4 5 0 2 1 6 7 8 9 10 11
6.0 0.041241994499220704 0.026076933238526202 0.024671926983384676 0.021174708410521464 0.028082281430648583 0.031196875629235347 0.6514836974037737 0.08996792412751557 0.021033477310922127 0.02785762146645011 0.02485247090639503 0.012360088593406609 
7.0 0.061318225448078106 0.04089548776612074 0.04774973542474649 0.024719811113530672 0.06202325521394829 0.0483000581132938 0.114597902703326 0.4362608994097501 0.06634138347242956 0.054610050023667304 0.01990525084743765 0.02327794046367122 
6.0 0.033682145160641504 0.019373310256223686 0.02073477413742376 0.01408421638826126 0.024638407326792944 0.02372587071266381 0.48681964187820875 0.2667939558502369 0.04313874694249871 0.03132175396812588 0.01735221153223576 0.01833496584668747 
6.0 0.0223092916085987 0.015028185073272372 0.014182573079893608 0.013646709043325376 0.017348346648332996 0.01954266148751488 0.7576787701894715 0.07160874763250107 0.013334970443751468 0.02277202793367948 0.022632173209074447 0.009915543650584072 
6.0 0.03947168474071006 0.022233275021495767 0.022974028271480162 0.015369685618603978 0.028177698870693362 0.025985603220003626 0.4639441122362311 0.26821967055243257 0.05458652963829553 0.03604956742243128 0.011969277743305126 0.01101886666431766 
3.0 0.6327053138756307 0.12370047711470585 0.020557055686798352 0.05151203465986325 0.019185894471503255 0.05080889153509965 0.021455010174759332 0.021312921282677654 0.014521754263679854 0.023568250729987292 0.011601805376992258 0.009070590828302146 
4.0 0.3541175145583997 0.38742402370779966 0.04201004185205486 0.02572106273579354 0.0301231429479541 0.0393763938204817 0.026043895726806373 0.028344111992077106 0.0176276642679876 0.029099461878348293 0.010485792766504848 0.009626893745791582 
1.0 0.031069956197056547 0.030223565312939366 0.024822755421952815 0.053164604323615944 0.32242874740489463 0.43581532735687617 0.02274468997879214 0.024290082611003638 0.013729841694876345 0.024526406245137477 0.008491108568505995 0.008692914884348289 
4.0 0.39351547067491277 0.39525994139004983 0.04167805457691617 0.019113318529525244 0.019914960522085315 0.02747160784050732 0.01907428524926608 0.02148416714961727 0.017092111694408114 0.028096871421246318 0.009065041192359303 0.008234169759106163 
0.0 0.03470903270523811 0.03203200398019929 0.016995656715675683 0.5590019654878852 0.039880756977065196 0.21097444883199218 0.025457066843615254 0.025769110475552432 0.014336276731027456 0.018921392480021622 0.011578010469161829 0.01034427830256608 
3.0 0.5436781875624749 0.24329176607082464 0.031184736002307624 0.029230657287735017 0.01959367874468141 0.03347853250386791 0.02116676891165604 0.020862238281811777 0.01462208306505405 0.02464138072337837 0.009841168699885572 0.008408802146322943 
6.0 0.035862561154133915 0.022327378987730014 0.021571409876416446 0.014330297903305183 0.021109229229387426 0.020932937664624847 0.6880105001655521 0.06769373987224211 0.028014341130161515 0.028083171511739672 0.028235334467259964 0.023829098037446518 
6.0 0.032508400082828175 0.017740260240673385 0.017957427429774256 0.014835744558502562 0.01834022142625229 0.017939666968203368 0.5619016743772517 0.17827042005776575 0.043477541423293936 0.03261282475135314 0.027019245818024833 0.0373965728660767 
6.0 0.03583929188947789 0.025808124227954428 0.03158582262755873 0.012987943896318863 0.028535910264594275 0.026135522105627966 0.5849074191249674 0.1343287199299734 0.0643386793007497 0.03414403234395893 0.01129716734978613 0.010091366939032216 
7.0 0.03691971777168482 0.02641421265033509 0.03185126805021451 0.016908002481352807 0.043126853543229086 0.030505037833698234 0.23464218760179076 0.46824338593996784 0.04620333450480916 0.03590054757629583 0.013549434810100732 0.01573601723652107 
6.0 0.03603277271855511 0.025173408176544905 0.030155001398250073 0.014760952349320887 0.04098674880992731 0.027892843516748516 0.38363183125760525 0.3453957954603534 0.0407294632872686 0.03103015783798477 0.011182856774976145 0.013028168412464621 
6.0 0.022787226606147123 0.015039965382034736 0.017392173260092323 0.011962072358254763 0.025708376895129986 0.02098401126721139 0.7522182757181094 0.07021173775935362 0.018139767427819017 0.0215864617700446 0.010946959840251413 0.013022971715551807 
7.0 0.037589933504307796 0.027442309079022054 0.031889785566265885 0.018808717139127174 0.04689428737270143 0.03587283426051656 0.19747730262970514 0.4761493932692122 0.049869358559261674 0.03913693578755014 0.017211288523278488 0.021657854309050997 
7.0 0.051117010594425666 0.03004902538729314 0.03316045054961418 0.023617121445668295 0.03873159237440647 0.033697798533985475 0.22771148247952522 0.3851913380642863 0.07322803139218716 0.04931970327846963 0.023250080338150316 0.030926365561988613 
0.0 0.0374160556598091 0.029024626221459987 0.02198208346622755 0.50056192480391 0.05647167978653523 0.22401509707575987 0.03133797379128524 0.032303051890978984 0.01788545978008215 0.025853399124086657 0.011875800894099864 0.011272847505764906 
0.0 0.027297009652583436 0.023358097780235502 0.017961455934289865 0.3743329449266008 0.08623232442623321 0.3706623869953748 0.022759494731401327 0.02355829210126406 0.014149524823217177 0.021153298097465245 0.009493576547167414 0.009041593984166657 
3.0 0.5411464039102434 0.16777872256906243 0.02750637075935549 0.06178480471197817 0.02722906583031342 0.04583363028736188 0.028603395414786167 0.0271214268997792 0.017832712320945174 0.03146490486290058 0.01274963366072328 0.010948928772551082 
3.0 0.386597627672512 0.38195376048700697 0.05261132689864223 0.020006825204927792 0.024562538467592546 0.03788022575487256 0.01783083652752517 0.020369126910155626 0.015697761918914425 0.026218421012460975 0.008482917895160808 0.007788631250228972 
3.0 0.35806855601396764 0.2929746394216049 0.09137200124505136 0.025925443711265653 0.03365594172625957 0.038280316910784866 0.03767531531770899 0.039854955765364616 0.025145483820193645 0.03545446288634927 0.010783607733031487 0.010809275448417643 
3.0 0.22711833498582662 0.08724607504720494 0.04737118050896056 0.09565061175021014 0.11072351933692817 0.15260946391753066 0.07240020022698025 0.08633348233691986 0.03767271453263718 0.04626750765504604 0.017308659988937283 0.01929824971281792 
3.0 0.31310853950508255 0.22178478105549998 0.14781951258308307 0.026132416727247375 0.04776947383933407 0.043173139031306124 0.047440541559885696 0.05582908978910606 0.02949872339336144 0.040105756082520344 0.01335401818921605 0.013984008244357289 
1.0 0.017724111201648726 0.018352194016267583 0.013228557755843456 0.164103473693704 0.15564516454475766 0.555912977038476 0.016000636145262533 0.01705667667908862 0.01025310347212532 0.016583540416014703 0.007767504103694822 0.007372060933116164 
3.0 0.3748474351744885 0.19938525161850812 0.13110805137009418 0.022630890704107412 0.04144418923284061 0.03846665387818973 0.04260129121396751 0.052375177668832935 0.029214218409937896 0.0414683490971585 0.013035209943811993 0.013423281688061709 
1.0 0.03579785603462901 0.03672358698586616 0.024509880688248158 0.2271091151232334 0.15679635448884344 0.38465409126919525 0.030117980911875127 0.03279225724825884 0.01838452119504841 0.03043401777339798 0.011454185021454618 0.011226153259949247 
2.0 0.02540237425794182 0.021356792203097358 0.020283284631800815 0.0561903879818336 0.5200095714095633 0.23460879425714143 0.027314228490528725 0.02949544995376238 0.014124736153704149 0.030860336735305638 0.010122178787936309 0.010231865137384406 
3.0 0.3803963148469382 0.3350406589709174 0.03896398493727937 0.035021530910828325 0.03645809198595735 0.04728422994196581 0.026752939244763435 0.028528738999898325 0.018338079111534882 0.0319267313600638 0.011084788905701118 0.010203910784151926 
1.0 0.03521315985843269 0.03855525870924688 0.02602692349447352 0.23106765653247688 0.17013185306392653 0.35459118764603703 0.032705075813649565 0.035478000891547345 0.019715663883075 0.03162904426824317 0.012500648562997357 0.012385527275894143 
2.0 0.03984694460742239 0.03158621089304252 0.03078503983350876 0.031312385154805035 0.5997194816011633 0.09937263216768652 0.037596596985244736 0.04523737578708243 0.019811901392492188 0.04061796415873658 0.011740459770365686 0.012373007648449915 
3.0 0.38701097563218806 0.3301213233504399 0.03871929087070672 0.03594348049732189 0.03678552142171613 0.04637690251397638 0.026251140785837467 0.02791310077936794 0.018009048241448954 0.031771766541434474 0.01097482361781177 0.010122625747750297 
2.0 0.05241256272725061 0.037282060242319094 0.0395680358236669 0.022802946954210694 0.5344294959744866 0.10514060720878626 0.04882669192258854 0.062492132017011925 0.026686425477378456 0.042806893778570124 0.013023454448169346 0.014528693425561005 
3.0 0.3254437725050533 0.12754541718233026 0.09513490211271484 0.02800180799956 0.06164901565175447 0.053421984372379924 0.07109917949782078 0.10362642437019058 0.04767541687344694 0.049515850283489905 0.017639360127036027 0.019246869024223217 
5.0 0.07019137448010374 0.10786016088525098 0.48731575285813106 0.01995094123135313 0.042423817009656285 0.03660024947260701 0.046658985777558955 0.07060756022913321 0.045038647265463486 0.04127584948099305 0.01546339656835687 0.01661326474139222 
3.0 0.5254704616631706 0.20757716048117106 0.048431820346351795 0.01996056325481093 0.02726144666100783 0.032376602360517974 0.028207086263172476 0.03346279677472975 0.021545169404058564 0.03493200155484643 0.010633737431229057 0.010141153804933216 
